# Spaceport America 25 MPH Case (Up to date)
# 1156 data points written for 9 variables.
# Simulation warnings:
#   Recovery device deployment at high speed (146 ft/s)
#
# Time (s),Altitude (ft),Vertical velocity (ft/s),Vertical acceleration (G),Total velocity (ft/s),Total acceleration (G),Lateral distance (ft),Lateral velocity (ft/s),Lateral acceleration (G)
# Event IGNITION occurred at t=0 seconds
# Event LAUNCH occurred at t=0 seconds
0.01,0.003,0.668,2.075,0.673,2.091,4.098e-4,0.082,0.255
0.02,0.023,3.304,8.196,3.329,8.257,0.003,0.406,1.006
# Event LIFTOFF occurred at t=0.03 seconds
0.03,0.075,7.068,11.701,7.121,11.789,0.009,0.868,1.437
0.04,0.164,10.73,11.388,10.811,11.474,0.02,1.318,1.398
0.05,0.289,14.283,11.044,14.39,11.127,0.035,1.754,1.356
0.06,0.449,17.784,10.887,17.918,10.969,0.055,2.184,1.337
0.07,0.645,21.277,10.86,21.437,10.941,0.079,2.613,1.333
0.08,0.875,24.761,10.832,24.947,10.913,0.107,3.04,1.33
0.09,1.14,28.237,10.804,28.449,10.885,0.14,3.467,1.327
0.1,1.44,31.703,10.776,31.941,10.857,0.177,3.893,1.323
0.11,1.774,35.16,10.748,35.424,10.829,0.218,4.317,1.32
0.12,2.143,38.616,10.744,38.906,10.825,0.263,4.741,1.319
0.13,2.546,42.081,10.774,42.397,10.855,0.313,5.167,1.323
0.14,2.984,45.556,10.804,45.899,10.885,0.366,5.594,1.327
0.15,3.457,49.041,10.834,49.409,10.915,0.425,6.021,1.33
0.16,3.965,52.535,10.864,52.93,10.945,0.487,6.451,1.334
0.17,4.508,56.039,10.894,56.46,10.975,0.554,6.881,1.338
0.18,5.086,59.553,10.923,60,11.006,0.625,7.312,1.341
0.19,5.699,63.076,10.953,63.55,11.036,0.7,7.745,1.345
0.2,6.348,66.609,10.983,67.109,11.066,0.779,8.179,1.349
0.21,7.032,70.151,11.013,70.678,11.096,0.863,8.614,1.352
0.22,7.751,73.704,11.043,74.257,11.126,0.952,9.05,1.356
0.23,8.506,77.265,11.073,77.845,11.156,1.044,9.487,1.36
0.24,9.296,80.836,11.103,81.444,11.186,1.141,9.925,1.363
0.25,10.122,84.417,11.133,85.051,11.216,1.243,10.365,1.367
0.26,10.985,88.008,11.162,88.669,11.246,1.349,10.806,1.371
0.27,11.883,91.608,11.192,92.296,11.276,1.459,11.248,1.374
# Event LAUNCHROD occurred at t=0.28 seconds
0.28,12.817,95.218,11.222,95.933,11.306,1.574,11.691,1.378
0.295,14.286,100.658,11.279,101.405,11.346,1.754,12.288,1.231
0.318,16.643,108.86,11.338,109.655,11.405,2.04,13.18,1.23
0.351,20.526,121.254,11.426,122.121,11.492,2.508,14.521,1.234
0.401,27.052,139.812,11.553,140.786,11.621,3.284,16.534,1.26
0.451,34.512,158.585,11.684,159.671,11.755,4.162,18.596,1.295
0.501,42.916,177.562,11.808,178.77,11.888,5.145,20.752,1.376
0.551,52.273,196.738,11.932,198.082,12.02,6.239,23.031,1.45
0.601,62.594,216.111,12.051,217.605,12.152,7.451,25.46,1.561
0.651,73.888,235.672,12.166,237.34,12.284,8.789,28.082,1.693
0.701,86.166,255.411,12.271,257.283,12.416,10.264,30.974,1.894
0.751,99.434,275.314,12.37,277.43,12.549,11.892,34.203,2.112
0.801,113.701,295.361,12.451,297.777,12.683,13.691,37.853,2.414
0.851,128.973,315.531,12.522,318.314,12.815,15.686,42.001,2.728
0.901,145.257,335.803,12.577,339.033,12.949,17.901,46.689,3.079
0.951,162.557,356.183,12.64,359.952,13.101,20.365,51.956,3.443
1.001,180.879,376.694,12.71,381.113,13.286,23.108,57.871,3.87
1.051,200.23,397.314,12.778,402.508,13.47,26.164,64.451,4.261
1.101,220.612,417.949,12.789,424.041,13.594,29.563,71.618,4.608
1.144,238.717,435.357,12.728,442.298,13.604,32.738,78.048,4.8
1.18,254.754,450.162,12.698,457.877,13.607,35.667,83.701,4.892
1.214,270.391,464.123,12.687,472.598,13.609,38.622,89.104,4.923
1.248,286.305,477.895,12.68,487.138,13.593,41.723,94.442,4.897
1.283,303.171,492.062,12.679,502.097,13.567,45.102,99.881,4.827
1.319,321.51,507.027,12.7,517.887,13.537,48.873,105.501,4.684
1.363,344.089,524.914,12.746,536.714,13.501,53.631,111.921,4.45
1.413,370.846,545.428,12.804,558.222,13.457,59.402,118.829,4.141
1.463,398.632,566.039,12.866,579.713,13.406,65.504,125.172,3.769
1.513,427.451,586.737,12.912,601.167,13.356,71.909,130.927,3.412
1.549,448.878,601.703,12.927,616.602,13.311,76.699,134.727,3.176
1.575,464.251,612.214,12.902,627.42,13.281,80.144,137.295,3.15
1.6,479.904,622.696,12.845,638.211,13.232,83.657,139.868,3.181
1.627,496.91,633.819,12.761,649.674,13.167,87.481,142.655,3.245
1.657,516.17,646.09,12.649,662.348,13.096,91.822,145.851,3.391
1.697,542.509,662.309,12.474,679.178,13.012,97.784,150.43,3.703
1.747,576.12,682.121,12.269,699.867,12.898,105.458,156.603,3.98
1.797,610.713,701.578,12.053,720.31,12.772,113.451,163.201,4.225
1.835,637.175,715.892,11.899,735.415,12.658,119.64,168.329,4.316
1.865,658.742,727.245,11.801,747.417,12.568,124.733,172.473,4.323
1.892,679.213,737.791,11.733,758.57,12.487,129.607,176.333,4.272
1.921,700.343,748.476,11.701,769.855,12.402,134.676,180.167,4.11
1.959,729.116,762.759,11.695,784.873,12.296,141.629,185,3.798
2.009,767.721,781.485,11.677,804.42,12.157,151.025,190.718,3.383
2.056,804.525,798.84,11.593,822.426,12.014,160.022,195.552,3.151
2.086,828.812,810.011,11.504,833.987,11.901,165.971,198.534,3.046
2.112,849.946,819.546,11.412,843.85,11.816,171.153,201.064,3.066
2.14,872.998,829.727,11.292,854.405,11.735,176.813,203.866,3.194
2.181,907.209,844.405,11.115,869.695,11.629,185.232,208.205,3.42
2.231,949.87,862.024,10.892,888.174,11.504,195.784,213.934,3.703
2.281,993.404,879.29,10.699,906.405,11.369,206.632,220.043,3.846
2.311,1020.581,889.762,10.585,917.486,11.261,213.451,223.841,3.841
2.342,1047.766,900.042,10.519,928.362,11.17,220.307,227.554,3.758
2.376,1079.349,911.778,10.477,940.746,11.065,228.313,231.655,3.56
2.426,1125.357,928.537,10.43,958.324,10.922,240.033,237.074,3.242
2.476,1172.2,945.174,10.34,975.668,10.762,252.012,242.022,2.984
2.512,1206.301,957.094,10.325,988.054,10.734,260.75,245.402,2.935
2.546,1238.855,968.337,10.31,999.751,10.75,269.103,248.648,3.047
2.596,1287.687,984.922,10.276,1017.067,10.765,281.66,253.68,3.206
2.646,1337.347,1001.438,10.226,1034.403,10.79,294.477,259.059,3.44
2.696,1387.83,1017.887,10.212,1051.758,10.812,307.572,264.764,3.552
2.73,1422.274,1028.896,10.21,1063.372,10.78,316.547,268.577,3.461
2.78,1474.05,1041.905,7.974,1077.046,8.354,330.088,272.88,2.493
2.83,1526.26,1046.496,2.838,1081.857,2.993,343.768,274.337,0.952
2.875,1573.955,1046.41,-0.051,1081.828,0.18,356.276,274.549,0.173
2.925,1626.211,1043.832,-1.631,1079.246,1.636,369.994,274.202,0.134
2.975,1678.293,1039.438,-2.728,1074.841,2.751,383.688,273.588,0.356
# Event BURNOUT occurred at t=2.99 seconds
# Event EJECTION_CHARGE occurred at t=2.99 seconds
2.99,1693.464,1037.983,-3.095,1073.38,3.126,387.683,273.38,0.443
3.012,1716.18,1035.748,-3.163,1071.135,3.199,393.668,273.047,0.475
3.045,1750.162,1032.419,-3.131,1067.782,3.175,402.633,272.524,0.523
3.094,1800.932,1027.529,-3.042,1062.792,3.134,416.042,271.494,0.757
3.142,1849.708,1022.935,-2.985,1058.012,3.114,428.928,270.173,0.886
3.168,1876.161,1020.451,-2.993,1055.423,3.102,435.914,269.439,0.817
3.205,1914.222,1016.822,-3.044,1051.701,3.099,445.965,268.604,0.58
3.255,1964.94,1011.877,-3.082,1046.737,3.106,459.376,267.887,0.384
3.286,1996.247,1008.801,-3.075,1043.674,3.096,467.671,267.537,0.365
3.318,2028.523,1005.65,-3.034,1040.522,3.067,476.238,267.12,0.454
3.366,2076.749,1001.025,-2.945,1035.829,3.023,489.058,266.252,0.681
3.416,2126.683,996.36,-2.884,1030.988,3,502.339,264.957,0.826
3.445,2155.986,993.636,-2.879,1028.152,2.988,510.13,264.167,0.798
3.483,2193.167,990.143,-2.915,1024.556,2.981,520.016,263.308,0.622
3.533,2242.556,985.42,-2.937,1019.776,2.977,533.159,262.471,0.487
3.583,2291.708,980.681,-2.948,1015.02,2.974,546.265,261.781,0.387
3.62,2328.237,977.149,-2.915,1011.489,2.949,556.025,261.321,0.447
3.67,2376.978,972.528,-2.845,1006.795,2.909,569.07,260.432,0.61
3.72,2425.491,967.992,-2.807,1002.14,2.885,582.065,259.374,0.664
3.77,2473.778,963.488,-2.803,997.517,2.868,595.007,258.323,0.609
3.82,2521.84,958.969,-2.814,992.922,2.858,607.901,257.433,0.502
3.87,2569.675,954.444,-2.787,988.356,2.836,620.754,256.678,0.525
3.92,2617.286,950.003,-2.751,983.823,2.813,633.564,255.735,0.585
3.97,2664.675,945.586,-2.746,979.319,2.797,646.328,254.822,0.535
4.02,2711.844,941.171,-2.733,974.844,2.781,659.048,254.007,0.512
4.07,2758.793,936.792,-2.717,970.399,2.763,671.728,253.172,0.505
4.12,2805.524,932.436,-2.692,965.988,2.737,684.367,252.381,0.495
4.17,2852.038,928.132,-2.661,961.622,2.709,696.966,251.571,0.508
4.22,2898.338,923.879,-2.62,957.298,2.679,709.524,250.735,0.558
4.27,2944.427,919.697,-2.597,953.015,2.655,722.037,249.789,0.554
4.32,2990.307,915.52,-2.585,948.768,2.635,734.505,248.967,0.51
4.37,3035.979,911.379,-2.565,944.556,2.615,746.933,248.141,0.507
4.42,3081.445,907.266,-2.545,940.376,2.595,759.32,247.337,0.505
4.47,3126.707,903.189,-2.529,936.227,2.577,771.666,246.518,0.493
4.52,3171.765,899.122,-2.534,932.107,2.567,783.973,245.773,0.409
4.57,3216.619,895.042,-2.513,928.017,2.547,796.247,245.182,0.409
4.62,3261.27,891.045,-2.461,923.96,2.516,808.488,244.42,0.524
4.67,3305.724,887.117,-2.44,919.935,2.497,820.686,243.521,0.529
4.72,3349.982,883.185,-2.448,915.938,2.487,832.842,242.747,0.438
4.77,3394.043,879.242,-2.449,911.967,2.477,844.963,242.11,0.371
4.82,3437.906,875.308,-2.445,908.025,2.465,857.054,241.549,0.314
4.87,3481.573,871.382,-2.419,904.116,2.441,869.12,241.08,0.322
4.92,3525.046,867.537,-2.354,900.247,2.4,881.16,240.467,0.465
4.97,3568.329,863.815,-2.273,896.415,2.374,893.162,239.551,0.685
5.001,3594.706,861.605,-2.229,894.085,2.371,900.475,238.799,0.809
5.023,3613.372,860.049,-2.236,892.439,2.361,905.647,238.249,0.758
5.048,3634.902,858.238,-2.259,890.541,2.35,911.61,237.679,0.649
5.085,3666.677,855.519,-2.298,887.741,2.348,920.41,237.003,0.486
5.135,3709.36,851.771,-2.357,883.973,2.371,932.245,236.422,0.258
5.179,3747.09,848.366,-2.402,880.633,2.403,942.732,236.197,0.083
5.202,3766.974,846.547,-2.408,878.87,2.408,948.274,236.159,0.044
5.224,3785.449,844.866,-2.374,877.236,2.377,953.432,236.103,0.122
5.252,3808.718,842.784,-2.319,875.185,2.334,959.941,235.934,0.259
5.293,3843.516,839.738,-2.259,872.135,2.293,969.692,235.499,0.393
5.343,3885.413,836.173,-2.18,868.484,2.259,981.448,234.69,0.592
5.385,3919.86,833.307,-2.149,865.494,2.246,991.115,233.838,0.651
5.417,3946.829,831.07,-2.141,863.159,2.236,998.682,233.163,0.646
5.45,3974.487,828.774,-2.146,860.766,2.228,1006.441,232.49,0.599
5.491,4008.265,825.932,-2.183,857.845,2.226,1015.919,231.808,0.438
5.541,4049.473,822.369,-2.24,854.278,2.251,1027.495,231.299,0.214
5.585,4085.463,819.184,-2.26,851.156,2.264,1037.632,231.094,0.118
5.615,4110.086,816.999,-2.24,849.023,2.245,1044.586,230.981,0.154
5.651,4139.173,814.46,-2.186,846.511,2.205,1052.818,230.73,0.287
5.701,4179.808,810.99,-2.13,843.018,2.169,1064.341,230.163,0.411
5.751,4220.273,807.61,-2.08,839.556,2.145,1075.831,229.392,0.524
5.801,4260.57,804.288,-2.059,836.118,2.131,1087.278,228.504,0.551
5.845,4296.06,801.349,-2.078,833.095,2.125,1097.363,227.789,0.443
5.895,4336.043,797.98,-2.108,829.692,2.13,1108.737,227.194,0.306
5.945,4375.858,794.593,-2.096,826.304,2.119,1120.085,226.717,0.309
5.995,4415.503,791.233,-2.08,822.934,2.105,1131.408,226.209,0.325
6.045,4454.982,787.907,-2.055,819.584,2.088,1142.705,225.653,0.368
6.095,4494.295,784.616,-2.039,816.252,2.074,1153.972,225.043,0.384
6.145,4533.443,781.343,-2.032,812.938,2.065,1165.209,224.434,0.368
6.195,4572.429,778.065,-2.042,809.639,2.064,1176.417,223.898,0.299
6.245,4611.25,774.778,-2.04,806.357,2.058,1187.6,223.45,0.27
6.295,4649.907,771.519,-2.01,803.094,2.036,1198.761,222.976,0.328
6.345,4688.403,768.308,-1.985,799.852,2.019,1209.896,222.411,0.368
6.395,4726.739,765.137,-1.961,796.631,2.003,1221.001,221.78,0.409
6.445,4764.916,761.982,-1.965,793.426,1.998,1232.074,221.154,0.358
6.495,4802.937,758.828,-1.954,790.237,1.987,1243.118,220.578,0.363
6.545,4840.8,755.686,-1.953,787.063,1.982,1254.132,220.017,0.332
6.595,4878.505,752.538,-1.959,783.903,1.979,1265.121,219.523,0.285
6.645,4916.053,749.391,-1.951,780.757,1.971,1276.086,219.077,0.278
6.695,4953.444,746.255,-1.947,777.628,1.963,1287.029,218.65,0.257
6.745,4990.679,743.147,-1.916,774.516,1.942,1297.95,218.193,0.319
6.795,5027.76,740.067,-1.916,771.424,1.936,1308.847,217.706,0.278
6.845,5064.686,737.003,-1.89,768.35,1.918,1319.721,217.227,0.324
6.895,5101.461,733.99,-1.859,765.295,1.899,1330.568,216.647,0.39
6.945,5138.086,731.018,-1.84,762.258,1.887,1341.384,215.986,0.419
6.995,5174.563,728.046,-1.859,759.235,1.888,1352.168,215.376,0.327
7.045,5210.89,725.045,-1.868,756.223,1.888,1362.924,214.901,0.273
7.095,5247.067,722.033,-1.874,753.222,1.888,1373.659,214.504,0.227
7.145,5283.093,719.026,-1.86,750.235,1.876,1384.375,214.134,0.242
7.195,5318.97,716.047,-1.843,747.263,1.862,1395.072,213.727,0.264
7.245,5354.698,713.084,-1.841,744.308,1.856,1405.748,213.322,0.238
7.295,5390.279,710.155,-1.798,741.37,1.83,1416.403,212.861,0.342
7.345,5425.715,707.288,-1.771,738.45,1.815,1427.031,212.254,0.397
7.395,5461.008,704.444,-1.77,735.544,1.809,1437.628,211.623,0.375
7.445,5496.159,701.59,-1.779,732.649,1.808,1448.195,211.06,0.321
7.495,5531.167,698.714,-1.796,729.764,1.813,1458.736,210.604,0.249
7.545,5566.03,695.819,-1.8,726.887,1.812,1469.257,210.238,0.216
7.595,5600.749,692.932,-1.787,724.021,1.802,1479.76,209.883,0.233
7.645,5635.324,690.059,-1.785,721.168,1.798,1490.245,209.526,0.211
7.695,5669.755,687.186,-1.784,718.327,1.794,1500.713,209.211,0.187
7.745,5704.043,684.338,-1.755,715.503,1.772,1511.166,208.871,0.244
7.795,5738.189,681.535,-1.73,712.697,1.754,1521.599,208.438,0.289
7.845,5772.197,678.783,-1.694,709.907,1.735,1532.008,207.9,0.375
7.895,5806.068,676.058,-1.698,707.132,1.731,1542.388,207.317,0.334
7.945,5839.803,673.332,-1.69,704.368,1.723,1552.74,206.778,0.337
7.995,5873.401,670.609,-1.697,701.614,1.723,1563.066,206.266,0.294
8.045,5906.863,667.87,-1.708,698.869,1.725,1573.368,205.835,0.244
8.095,5940.188,665.115,-1.715,696.132,1.727,1583.651,205.478,0.205
8.145,5973.375,662.354,-1.716,693.403,1.726,1593.917,205.173,0.181
8.195,6006.423,659.59,-1.717,690.685,1.724,1604.169,204.907,0.156
8.245,6039.334,656.851,-1.686,687.98,1.701,1614.407,204.607,0.225
8.295,6072.109,654.157,-1.666,685.291,1.686,1624.628,204.213,0.258
8.345,6104.75,651.498,-1.641,682.616,1.67,1634.827,203.755,0.309
8.395,6137.26,648.885,-1.609,679.955,1.655,1645.002,203.191,0.385
8.445,6169.639,646.285,-1.628,677.304,1.657,1655.146,202.621,0.308
8.495,6201.888,643.653,-1.643,674.66,1.662,1665.266,202.181,0.246
8.545,6234.004,641.008,-1.643,672.023,1.659,1675.365,201.801,0.232
8.595,6265.988,638.346,-1.666,669.392,1.673,1685.447,201.494,0.15
8.645,6297.839,635.672,-1.653,666.769,1.662,1695.516,201.249,0.169
8.695,6329.556,633.023,-1.64,664.157,1.651,1705.571,200.963,0.187
8.745,6361.141,630.403,-1.618,661.558,1.634,1715.611,200.629,0.229
8.795,6392.597,627.814,-1.602,658.973,1.622,1725.633,200.237,0.255
8.845,6423.923,625.246,-1.592,656.399,1.614,1735.635,199.819,0.261
8.895,6455.122,622.694,-1.58,653.837,1.604,1745.615,199.384,0.278
8.945,6486.193,620.174,-1.554,651.285,1.59,1755.572,198.888,0.338
8.995,6517.139,617.669,-1.565,648.743,1.592,1765.503,198.374,0.288
9.045,6547.96,615.136,-1.582,646.206,1.599,1775.411,197.962,0.226
9.095,6578.653,612.579,-1.596,643.673,1.605,1785.301,197.641,0.177
9.145,6609.217,610.017,-1.586,641.146,1.597,1795.176,197.351,0.191
9.195,6639.655,607.47,-1.581,638.628,1.592,1805.036,197.043,0.191
9.245,6669.965,604.942,-1.562,636.12,1.578,1814.88,196.708,0.228
9.295,6700.149,602.443,-1.546,633.622,1.567,1824.706,196.316,0.257
9.345,6730.209,599.941,-1.566,631.132,1.577,1834.512,195.955,0.187
9.395,6760.143,597.418,-1.567,628.647,1.576,1844.303,195.676,0.169
9.445,6789.951,594.896,-1.568,626.171,1.575,1854.08,195.422,0.15
9.495,6819.633,592.383,-1.554,623.705,1.563,1863.845,195.17,0.168
9.545,6849.19,589.908,-1.521,621.254,1.54,1873.596,194.846,0.238
9.595,6878.624,587.476,-1.505,618.816,1.528,1883.328,194.435,0.265
9.645,6907.938,585.063,-1.498,616.389,1.521,1893.039,194.004,0.267
9.695,6937.13,582.651,-1.501,613.971,1.52,1902.729,193.592,0.242
9.745,6966.203,580.241,-1.496,611.561,1.515,1912.399,193.205,0.242
9.795,6995.155,577.836,-1.495,609.159,1.512,1922.049,192.823,0.23
9.845,7023.986,575.437,-1.487,606.765,1.506,1931.681,192.447,0.238
9.895,7052.698,573.041,-1.493,604.377,1.508,1941.294,192.084,0.21
9.945,7081.29,570.633,-1.5,601.995,1.511,1950.89,191.772,0.18
9.995,7109.762,568.215,-1.505,599.619,1.513,1960.472,191.505,0.155
10.045,7138.112,565.794,-1.504,597.248,1.511,1970.041,191.267,0.145
10.095,7166.341,563.384,-1.491,594.887,1.5,1979.599,191.021,0.164
10.145,7194.45,560.988,-1.489,592.536,1.497,1989.143,190.766,0.152
10.195,7222.44,558.609,-1.466,590.195,1.48,1998.675,190.488,0.197
10.245,7250.312,556.261,-1.455,587.865,1.47,2008.191,190.156,0.212
10.295,7278.066,553.93,-1.443,585.545,1.461,2017.69,189.802,0.227
10.345,7305.705,551.629,-1.417,583.235,1.445,2027.17,189.39,0.285
10.395,7333.23,549.352,-1.417,580.934,1.443,2036.628,188.936,0.271
10.445,7360.64,547.049,-1.447,578.637,1.458,2046.065,188.57,0.181
10.495,7387.934,544.71,-1.459,576.344,1.465,2055.487,188.318,0.14
10.545,7415.111,542.36,-1.461,574.056,1.466,2064.898,188.111,0.121
10.595,7442.17,540.014,-1.453,571.775,1.459,2074.298,187.911,0.131
10.645,7469.113,537.686,-1.442,569.502,1.449,2083.689,187.689,0.145
10.695,7495.939,535.376,-1.429,567.24,1.439,2093.067,187.44,0.164
10.745,7522.651,533.093,-1.409,564.988,1.424,2102.432,187.143,0.204
10.795,7549.249,530.824,-1.415,562.744,1.426,2111.781,186.834,0.174
10.845,7575.733,528.563,-1.394,560.509,1.411,2121.115,186.525,0.217
10.895,7602.105,526.325,-1.39,558.282,1.406,2130.433,186.172,0.215
10.945,7628.366,524.092,-1.387,556.062,1.403,2139.733,185.829,0.211
10.995,7654.514,521.858,-1.392,553.849,1.404,2149.016,185.508,0.187
11.045,7680.551,519.617,-1.393,551.641,1.404,2158.284,185.22,0.172
11.095,7706.476,517.375,-1.394,549.44,1.403,2167.538,184.952,0.161
11.145,7732.289,515.137,-1.387,547.244,1.397,2176.779,184.688,0.168
11.195,7757.99,512.912,-1.38,545.055,1.391,2186.007,184.409,0.178
11.245,7783.58,510.699,-1.371,542.873,1.384,2195.22,184.112,0.192
11.295,7809.06,508.504,-1.359,540.697,1.376,2204.417,183.785,0.213
11.345,7834.431,506.319,-1.358,538.527,1.374,2213.598,183.444,0.207
11.395,7859.692,504.117,-1.381,536.36,1.388,2222.763,183.16,0.143
11.445,7884.842,501.89,-1.386,534.196,1.392,2231.915,182.952,0.122
11.495,7909.881,499.645,-1.405,532.034,1.407,2241.059,182.798,0.069
11.545,7934.806,497.39,-1.395,529.877,1.397,2250.196,182.681,0.084
11.595,7959.62,495.16,-1.378,527.729,1.383,2259.326,182.524,0.113
11.645,7984.323,492.95,-1.37,525.591,1.376,2268.448,182.336,0.12
11.695,8008.915,490.764,-1.346,523.462,1.356,2277.559,182.107,0.168
11.745,8033.4,488.612,-1.331,521.343,1.345,2286.657,181.815,0.192
11.795,8057.777,486.484,-1.316,519.232,1.334,2295.74,181.483,0.22
11.845,8082.048,484.366,-1.318,517.129,1.334,2304.805,181.139,0.203
11.895,8106.214,482.249,-1.314,515.031,1.33,2313.854,180.812,0.205
11.945,8130.273,480.141,-1.308,512.939,1.325,2322.886,180.475,0.212
11.995,8154.228,478.034,-1.313,510.853,1.327,2331.902,180.149,0.191
12.045,8178.077,475.92,-1.316,508.77,1.327,2340.902,179.853,0.177
12.095,8201.82,473.801,-1.318,506.691,1.329,2349.888,179.578,0.165
12.145,8225.457,471.681,-1.318,504.616,1.327,2358.86,179.317,0.161
12.195,8248.988,469.564,-1.314,502.545,1.324,2367.819,179.056,0.164
12.245,8272.413,467.442,-1.326,500.477,1.332,2376.766,178.816,0.132
12.295,8295.732,465.305,-1.329,498.411,1.334,2385.702,178.617,0.119
12.345,8318.944,463.167,-1.329,496.348,1.334,2394.628,178.431,0.114
12.395,8342.048,461.031,-1.327,494.289,1.331,2403.545,178.249,0.113
12.445,8365.047,458.9,-1.323,492.236,1.328,2412.453,178.066,0.115
12.495,8387.938,456.768,-1.328,490.187,1.331,2421.352,177.895,0.097
12.545,8410.723,454.619,-1.343,488.142,1.344,2430.243,177.774,0.054
12.595,8433.4,452.465,-1.332,486.102,1.334,2439.129,177.681,0.068
12.645,8455.97,450.345,-1.303,484.073,1.309,2448.01,177.529,0.123
12.695,8478.435,448.259,-1.292,482.056,1.299,2456.881,177.317,0.137
12.745,8500.797,446.207,-1.259,480.048,1.275,2465.741,177.046,0.203
12.795,8523.057,444.185,-1.26,478.049,1.274,2474.585,176.722,0.19
12.845,8545.215,442.159,-1.259,476.056,1.272,2483.413,176.422,0.183
12.895,8567.273,440.14,-1.251,474.069,1.266,2492.227,176.119,0.195
12.945,8589.229,438.133,-1.246,472.087,1.262,2501.025,175.801,0.198
12.995,8611.086,436.127,-1.248,470.11,1.262,2509.807,175.491,0.186
13.045,8632.842,434.114,-1.255,468.138,1.266,2518.575,175.209,0.164
13.095,8654.497,432.092,-1.258,466.168,1.267,2527.329,174.955,0.153
13.145,8676.051,430.059,-1.271,464.202,1.277,2536.071,174.737,0.117
13.195,8697.503,428.009,-1.275,462.238,1.279,2544.803,174.562,0.104
13.245,8718.852,425.961,-1.271,460.278,1.275,2553.527,174.392,0.108
13.295,8740.099,423.916,-1.272,458.322,1.276,2562.242,174.224,0.101
13.345,8761.243,421.868,-1.274,456.37,1.277,2570.95,174.071,0.09
13.395,8782.286,419.819,-1.273,454.422,1.276,2579.65,173.93,0.086
13.445,8803.225,417.772,-1.271,452.48,1.274,2588.343,173.795,0.084
13.495,8824.063,415.74,-1.255,450.545,1.26,2597.029,173.641,0.11
13.545,8844.8,413.733,-1.241,448.617,1.248,2605.706,173.444,0.132
13.595,8865.437,411.743,-1.233,446.697,1.242,2614.373,173.222,0.142
13.645,8885.974,409.763,-1.228,444.782,1.237,2623.028,172.988,0.148
13.695,8906.413,407.785,-1.232,442.872,1.239,2631.672,172.763,0.131
13.745,8926.753,405.809,-1.225,440.968,1.233,2640.305,172.546,0.14
13.795,8946.994,403.847,-1.213,439.069,1.224,2648.926,172.305,0.159
13.845,8967.138,401.901,-1.207,437.176,1.219,2657.535,172.042,0.167
13.895,8987.184,399.958,-1.209,435.287,1.219,2666.13,171.78,0.157
13.945,9007.133,398.005,-1.22,433.402,1.227,2674.713,171.549,0.129
13.995,9026.985,396.04,-1.222,431.519,1.228,2683.286,171.35,0.12
14.045,9046.737,394.066,-1.233,429.64,1.237,2691.849,171.18,0.091
14.095,9066.391,392.074,-1.242,427.763,1.244,2700.404,171.052,0.069
14.145,9085.944,390.067,-1.253,425.888,1.254,2708.955,170.965,0.04
14.195,9105.397,388.05,-1.252,424.018,1.252,2717.501,170.905,0.037
14.245,9124.75,386.058,-1.223,422.156,1.226,2726.044,170.806,0.09
14.295,9144.004,384.102,-1.21,420.302,1.215,2734.581,170.643,0.109
14.345,9163.16,382.165,-1.199,418.455,1.205,2743.108,170.453,0.127
14.395,9182.221,380.249,-1.184,416.614,1.194,2751.625,170.229,0.151
14.445,9201.186,378.36,-1.165,414.779,1.18,2760.13,169.958,0.186
14.495,9220.057,376.494,-1.155,412.949,1.173,2768.621,169.644,0.202
14.545,9238.835,374.642,-1.149,411.123,1.168,2777.094,169.311,0.21
14.595,9257.521,372.781,-1.166,409.301,1.178,2785.552,169.002,0.17
14.645,9276.113,370.908,-1.16,407.482,1.174,2793.995,168.725,0.178
14.695,9294.612,369.033,-1.172,405.665,1.182,2802.425,168.458,0.151
14.745,9313.016,367.135,-1.187,403.849,1.193,2810.842,168.242,0.119
14.795,9331.325,365.217,-1.197,402.033,1.201,2819.25,168.068,0.098
14.845,9349.538,363.276,-1.217,400.217,1.219,2827.65,167.941,0.059
14.895,9367.652,361.313,-1.221,398.4,1.222,2836.044,167.856,0.051
14.945,9385.669,359.346,-1.224,396.585,1.225,2844.435,167.78,0.044
14.995,9403.587,357.366,-1.237,394.771,1.237,2852.823,167.73,0.018
15.045,9421.405,355.377,-1.235,392.959,1.235,2861.209,167.703,0.018
15.095,9439.125,353.399,-1.223,391.154,1.223,2869.593,167.662,0.035
15.145,9456.745,351.444,-1.208,389.357,1.209,2877.974,167.589,0.056
15.195,9474.269,349.507,-1.201,387.569,1.203,2886.351,167.494,0.061
15.245,9491.696,347.586,-1.186,385.788,1.189,2894.723,167.38,0.081
15.295,9509.028,345.695,-1.165,384.016,1.171,2903.089,167.223,0.114
15.345,9526.266,343.831,-1.154,382.253,1.161,2911.445,167.025,0.129
15.395,9543.412,341.981,-1.147,380.495,1.155,2919.791,166.811,0.135
15.445,9560.465,340.144,-1.136,378.744,1.146,2928.126,166.58,0.152
15.495,9577.426,338.325,-1.127,376.998,1.139,2936.449,166.325,0.163
15.545,9594.297,336.514,-1.125,375.257,1.137,2944.758,166.061,0.164
15.595,9611.078,334.711,-1.116,373.52,1.13,2953.054,165.787,0.176
15.645,9627.768,332.906,-1.129,371.786,1.139,2961.337,165.524,0.148
15.695,9644.368,331.093,-1.124,370.056,1.134,2969.607,165.284,0.155
15.745,9660.878,329.285,-1.126,368.329,1.135,2977.865,165.039,0.148
15.795,9677.297,327.473,-1.127,366.605,1.136,2986.111,164.805,0.142
15.845,9693.625,325.656,-1.132,364.883,1.14,2994.346,164.584,0.131
15.895,9709.862,323.822,-1.148,363.162,1.152,3002.57,164.396,0.102
15.945,9726.007,321.975,-1.148,361.442,1.152,3010.786,164.234,0.102
15.995,9742.059,320.12,-1.158,359.723,1.161,3018.994,164.085,0.082
16.045,9758.019,318.247,-1.17,358.005,1.171,3027.195,163.969,0.063
16.095,9773.884,316.352,-1.187,356.285,1.187,3035.391,163.891,0.034
16.145,9789.654,314.438,-1.191,354.565,1.191,3043.585,163.845,0.026
16.195,9805.327,312.516,-1.198,352.847,1.198,3051.776,163.813,0.013
16.245,9820.905,310.585,-1.2,351.131,1.201,3059.966,163.799,0.007
16.295,9836.386,308.655,-1.198,349.421,1.198,3068.156,163.789,0.007
16.345,9851.771,306.74,-1.182,347.718,1.182,3076.345,163.763,0.027
16.395,9867.06,304.849,-1.17,346.025,1.17,3084.532,163.709,0.041
16.445,9882.256,302.977,-1.157,344.341,1.158,3092.716,163.632,0.055
16.495,9897.359,301.132,-1.137,342.666,1.14,3100.895,163.522,0.082
16.545,9912.37,299.314,-1.125,341,1.129,3109.067,163.379,0.095
16.595,9927.29,297.521,-1.102,339.342,1.11,3117.232,163.2,0.129
16.645,9942.122,295.767,-1.079,337.691,1.092,3125.386,162.964,0.165
16.695,9956.867,294.038,-1.073,336.045,1.086,3133.528,162.691,0.171
16.745,9971.526,292.311,-1.074,334.404,1.087,3141.655,162.419,0.166
16.795,9986.098,290.577,-1.083,332.766,1.093,3149.77,162.168,0.145
16.845,1e4,288.838,-1.077,331.133,1.088,3157.872,161.93,0.153
16.895,1.001e4,287.11,-1.072,329.503,1.084,3165.963,161.679,0.159
16.945,1.003e4,285.38,-1.079,327.876,1.088,3174.04,161.433,0.145
16.995,1.004e4,283.638,-1.088,326.252,1.095,3182.106,161.214,0.127
17.045,1.006e4,281.882,-1.095,324.631,1.101,3190.162,161.021,0.114
17.095,1.007e4,280.115,-1.102,323.012,1.107,3198.209,160.849,0.101
17.145,1.009e4,278.335,-1.11,321.394,1.113,3206.247,160.697,0.088
17.195,1.01e4,276.538,-1.125,319.778,1.127,3214.279,160.575,0.063
17.245,1.011e4,274.719,-1.137,318.161,1.137,3222.305,160.488,0.046
17.295,1.013e4,272.889,-1.137,316.547,1.138,3230.328,160.416,0.045
17.345,1.014e4,271.053,-1.145,314.934,1.146,3238.347,160.354,0.032
17.395,1.015e4,269.205,-1.152,313.323,1.152,3246.364,160.311,0.022
17.445,1.017e4,267.341,-1.167,311.713,1.167,3254.379,160.294,8.33e-4
17.495,1.018e4,265.468,-1.16,310.107,1.16,3262.393,160.292,0.007
17.545,1.019e4,263.607,-1.153,308.508,1.153,3270.408,160.277,0.013
17.595,1.021e4,261.759,-1.144,306.916,1.144,3278.421,160.25,0.021
17.645,1.022e4,259.935,-1.122,305.333,1.123,3286.432,160.194,0.048
17.695,1.023e4,258.133,-1.12,303.759,1.121,3294.44,160.115,0.048
17.745,1.025e4,256.345,-1.103,302.192,1.105,3302.444,160.023,0.068
17.795,1.026e4,254.589,-1.079,300.633,1.084,3310.442,159.889,0.099
17.845,1.027e4,252.861,-1.07,299.081,1.076,3318.432,159.72,0.109
17.895,1.028e4,251.159,-1.045,297.535,1.055,3326.413,159.519,0.144
17.945,1.03e4,249.489,-1.032,295.993,1.045,3334.383,159.272,0.161
17.995,1.031e4,247.828,-1.034,294.456,1.045,3342.34,159.015,0.156
18.045,1.032e4,246.16,-1.041,292.923,1.05,3350.285,158.774,0.143
18.095,1.033e4,244.488,-1.038,291.394,1.048,3358.218,158.544,0.144
18.145,1.035e4,242.817,-1.04,289.868,1.049,3366.139,158.315,0.139
18.195,1.036e4,241.133,-1.054,288.346,1.06,3374.05,158.108,0.117
18.245,1.037e4,239.422,-1.074,286.826,1.077,3381.951,157.945,0.086
18.295,1.038e4,237.693,-1.073,285.31,1.077,3389.844,157.808,0.086
18.345,1.039e4,235.967,-1.073,283.796,1.077,3397.731,157.67,0.086
18.395,1.041e4,234.241,-1.072,282.285,1.076,3405.611,157.531,0.087
18.445,1.042e4,232.506,-1.085,280.777,1.087,3413.485,157.405,0.069
18.495,1.043e4,230.742,-1.109,279.269,1.109,3421.353,157.319,0.038
18.545,1.044e4,228.956,-1.11,277.762,1.11,3429.217,157.261,0.037
18.595,1.045e4,227.167,-1.115,276.259,1.116,3437.079,157.207,0.03
18.645,1.046e4,225.359,-1.133,274.757,1.133,3444.938,157.177,0.008
18.695,1.047e4,223.54,-1.127,273.257,1.127,3452.797,157.161,0.014
18.745,1.049e4,221.725,-1.129,271.764,1.129,3460.654,157.141,0.01
18.795,1.05e4,219.911,-1.126,270.275,1.126,3468.511,157.124,0.012
18.845,1.051e4,218.105,-1.119,268.794,1.119,3476.367,157.101,0.018
18.895,1.052e4,216.32,-1.099,267.321,1.1,3484.221,157.056,0.039
18.945,1.053e4,214.559,-1.091,265.858,1.092,3492.072,156.986,0.046
18.995,1.054e4,212.809,-1.084,264.401,1.085,3499.919,156.908,0.052
19.045,1.055e4,211.073,-1.075,262.952,1.076,3507.762,156.818,0.06
19.095,1.056e4,209.359,-1.056,261.511,1.059,3515.601,156.706,0.081
19.145,1.057e4,207.669,-1.048,260.077,1.051,3523.432,156.568,0.088
19.195,1.058e4,205.995,-1.033,258.648,1.038,3531.257,156.413,0.105
19.245,1.059e4,204.328,-1.042,257.226,1.046,3539.074,156.254,0.091
19.295,1.06e4,202.655,-1.037,255.809,1.041,3546.883,156.106,0.094
19.345,1.061e4,200.995,-1.026,254.397,1.032,3554.684,155.945,0.106
19.395,1.062e4,199.354,-1.014,252.991,1.021,3562.477,155.764,0.12
19.445,1.063e4,197.72,-1.018,251.589,1.025,3570.26,155.576,0.112
19.495,1.064e4,196.083,-1.016,250.192,1.022,3578.035,155.394,0.114
19.545,1.065e4,194.443,-1.024,248.8,1.029,3585.8,155.219,0.102
19.595,1.066e4,192.79,-1.032,247.412,1.036,3593.557,155.064,0.092
19.645,1.067e4,191.124,-1.039,246.029,1.043,3601.306,154.925,0.081
19.695,1.068e4,189.448,-1.044,244.65,1.047,3609.05,154.8,0.075
19.745,1.069e4,187.758,-1.058,243.275,1.059,3616.787,154.692,0.058
19.795,1.07e4,186.054,-1.06,241.904,1.062,3624.519,154.602,0.055
19.845,1.071e4,184.343,-1.067,240.538,1.068,3632.247,154.519,0.047
19.895,1.072e4,182.623,-1.072,239.176,1.072,3639.971,154.448,0.042
19.945,1.073e4,180.899,-1.071,237.819,1.072,3647.692,154.381,0.042
19.995,1.074e4,179.165,-1.086,236.467,1.086,3655.409,154.326,0.026
20.045,1.074e4,177.418,-1.085,235.119,1.086,3663.125,154.285,0.026
20.095,1.075e4,175.672,-1.085,233.777,1.085,3670.838,154.243,0.026
20.145,1.076e4,173.932,-1.079,232.442,1.08,3678.549,154.199,0.03
20.195,1.077e4,172.198,-1.076,231.114,1.076,3686.258,154.148,0.033
20.245,1.078e4,170.473,-1.069,229.793,1.069,3693.964,154.091,0.039
20.295,1.079e4,168.754,-1.069,228.48,1.07,3701.667,154.03,0.036
20.345,1.08e4,167.037,-1.064,227.174,1.065,3709.367,153.969,0.04
20.395,1.08e4,165.332,-1.055,225.876,1.057,3717.063,153.899,0.047
20.445,1.081e4,163.644,-1.043,224.585,1.045,3724.756,153.815,0.058
20.495,1.082e4,161.969,-1.04,223.302,1.042,3732.445,153.72,0.06
20.545,1.083e4,160.307,-1.026,222.026,1.028,3740.128,153.614,0.073
20.595,1.084e4,158.658,-1.026,220.758,1.028,3747.806,153.498,0.071
20.645,1.084e4,157.012,-1.019,219.496,1.022,3755.478,153.381,0.076
20.695,1.085e4,155.375,-1.016,218.241,1.019,3763.144,153.257,0.077
20.745,1.086e4,153.743,-1.013,216.993,1.016,3770.804,153.131,0.08
20.795,1.087e4,152.119,-1.007,215.752,1.01,3778.457,152.998,0.085
20.845,1.088e4,150.505,-1,214.516,1.004,3786.103,152.858,0.09
20.895,1.088e4,148.895,-1.002,213.287,1.006,3793.743,152.715,0.087
20.945,1.089e4,147.28,-1.005,212.065,1.008,3801.375,152.579,0.083
20.995,1.09e4,145.665,-1.003,210.849,1.006,3809,152.444,0.084
21.045,1.091e4,144.044,-1.013,209.64,1.016,3816.619,152.316,0.074
21.095,1.091e4,142.41,-1.018,208.437,1.02,3824.232,152.202,0.069
21.145,1.092e4,140.763,-1.031,207.241,1.032,3831.84,152.1,0.057
21.195,1.093e4,139.107,-1.026,206.051,1.028,3839.442,152.007,0.061
21.245,1.093e4,137.459,-1.023,204.868,1.025,3847.04,151.907,0.063
21.295,1.094e4,135.805,-1.034,203.691,1.035,3854.633,151.813,0.054
21.345,1.095e4,134.137,-1.038,202.521,1.039,3862.222,151.73,0.05
21.395,1.095e4,132.465,-1.04,201.358,1.042,3869.806,151.651,0.048
21.445,1.096e4,130.79,-1.043,200.202,1.044,3877.387,151.574,0.047
21.495,1.097e4,129.106,-1.051,199.052,1.052,3884.964,151.504,0.04
21.545,1.097e4,127.408,-1.06,197.91,1.061,3892.537,151.445,0.033
21.595,1.098e4,125.7,-1.062,196.776,1.063,3900.108,151.394,0.031
21.645,1.099e4,123.994,-1.059,195.65,1.059,3907.677,151.342,0.034
21.695,1.099e4,122.281,-1.071,194.532,1.071,3915.243,151.294,0.024
21.745,1.1e4,120.555,-1.074,193.423,1.074,3922.807,151.258,0.022
21.795,1.1e4,118.834,-1.065,192.324,1.066,3930.368,151.218,0.028
21.845,1.101e4,117.125,-1.06,191.235,1.06,3937.928,151.171,0.031
21.895,1.102e4,115.428,-1.049,190.158,1.05,3945.485,151.117,0.037
21.945,1.102e4,113.749,-1.039,189.09,1.04,3953.04,151.051,0.044
21.995,1.103e4,112.079,-1.038,188.034,1.039,3960.59,150.98,0.043
22.045,1.103e4,110.414,-1.031,186.988,1.032,3968.138,150.908,0.047
22.095,1.104e4,108.754,-1.033,185.953,1.034,3975.681,150.834,0.044
22.145,1.104e4,107.095,-1.029,184.929,1.03,3983.221,150.763,0.045
22.195,1.105e4,105.435,-1.035,183.916,1.036,3990.758,150.694,0.039
22.245,1.105e4,103.771,-1.032,182.915,1.033,3998.291,150.63,0.04
22.295,1.106e4,102.119,-1.022,181.926,1.023,4005.82,150.561,0.046
22.345,1.106e4,100.477,-1.02,180.947,1.021,4013.347,150.487,0.046
22.395,1.107e4,98.841,-1.013,179.979,1.015,4020.869,150.41,0.05
22.445,1.107e4,97.21,-1.014,179.023,1.015,4028.388,150.332,0.047
22.495,1.108e4,95.587,-1.003,178.079,1.004,4035.902,150.25,0.054
22.545,1.108e4,93.975,-1.002,177.145,1.003,4043.413,150.163,0.054
22.595,1.109e4,92.37,-0.993,176.221,0.995,4050.918,150.072,0.059
22.645,1.109e4,90.781,-0.983,175.308,0.985,4058.42,149.973,0.065
22.695,1.11e4,89.2,-0.983,174.406,0.985,4065.916,149.869,0.064
22.745,1.11e4,87.623,-0.977,173.514,0.979,4073.406,149.764,0.067
22.795,1.111e4,86.053,-0.976,172.632,0.979,4080.892,149.656,0.067
22.845,1.111e4,84.482,-0.976,171.762,0.979,4088.372,149.549,0.066
22.895,1.111e4,82.911,-0.977,170.903,0.979,4095.847,149.445,0.064
22.945,1.112e4,81.343,-0.971,170.055,0.974,4103.317,149.339,0.068
22.995,1.112e4,79.773,-0.983,169.218,0.984,4110.781,149.235,0.06
23.045,1.113e4,78.189,-0.986,168.395,0.988,4118.24,149.142,0.057
23.095,1.113e4,76.6,-0.989,167.583,0.991,4125.695,149.052,0.055
23.145,1.113e4,75.008,-0.991,166.783,0.992,4133.145,148.964,0.054
23.195,1.114e4,73.415,-0.989,165.994,0.991,4140.591,148.877,0.055
23.245,1.114e4,71.819,-0.995,165.217,0.997,4148.033,148.791,0.051
23.295,1.115e4,70.213,-1.002,164.453,1.003,4155.471,148.711,0.048
23.345,1.115e4,68.598,-1.006,163.702,1.007,4162.904,148.636,0.046
23.395,1.115e4,66.974,-1.013,162.964,1.014,4170.334,148.566,0.042
23.445,1.116e4,65.341,-1.016,162.239,1.017,4177.761,148.499,0.041
23.495,1.116e4,63.706,-1.017,161.527,1.018,4185.184,148.434,0.041
23.545,1.116e4,62.067,-1.022,160.828,1.023,4192.604,148.369,0.039
23.595,1.116e4,60.418,-1.028,160.143,1.028,4200.021,148.308,0.037
23.645,1.117e4,58.764,-1.028,159.471,1.029,4207.435,148.249,0.037
23.695,1.117e4,57.109,-1.03,158.813,1.031,4214.846,148.19,0.037
23.745,1.117e4,55.447,-1.036,158.17,1.037,4222.254,148.133,0.034
23.795,1.118e4,53.776,-1.041,157.543,1.042,4229.66,148.081,0.031
23.845,1.118e4,52.103,-1.038,156.931,1.039,4237.062,148.029,0.034
23.895,1.118e4,50.431,-1.04,156.333,1.041,4244.462,147.976,0.032
23.945,1.118e4,48.759,-1.039,155.752,1.039,4251.86,147.923,0.033
23.995,1.119e4,47.088,-1.039,155.186,1.039,4259.255,147.87,0.033
24.045,1.119e4,45.421,-1.034,154.637,1.035,4266.647,147.816,0.035
24.095,1.119e4,43.759,-1.031,154.103,1.032,4274.036,147.76,0.035
24.145,1.119e4,42.101,-1.03,153.587,1.031,4281.423,147.704,0.035
24.195,1.119e4,40.448,-1.025,153.087,1.026,4288.807,147.646,0.037
24.245,1.12e4,38.803,-1.02,152.602,1.021,4296.187,147.587,0.038
24.295,1.12e4,37.165,-1.016,152.134,1.016,4303.565,147.525,0.039
24.345,1.12e4,35.536,-1.01,151.682,1.011,4310.94,147.461,0.041
24.395,1.12e4,33.913,-1.008,151.246,1.009,4318.311,147.395,0.04
24.445,1.12e4,32.295,-1.003,150.828,1.004,4325.679,147.33,0.041
24.495,1.121e4,30.684,-1,150.426,1.001,4333.044,147.263,0.041
24.545,1.121e4,29.078,-0.996,150.041,0.997,4340.406,147.196,0.042
24.595,1.121e4,27.481,-0.989,149.671,0.99,4347.764,147.127,0.045
24.645,1.121e4,25.891,-0.987,149.317,0.988,4355.118,147.055,0.044
24.695,1.121e4,24.306,-0.984,148.98,0.985,4362.469,146.984,0.044
24.745,1.121e4,22.726,-0.979,148.659,0.981,4369.817,146.911,0.046
24.795,1.121e4,21.154,-0.975,148.352,0.976,4377.16,146.836,0.047
24.845,1.121e4,19.588,-0.972,148.06,0.973,4384.5,146.759,0.048
24.895,1.122e4,18.026,-0.971,147.785,0.972,4391.836,146.681,0.048
24.945,1.122e4,16.463,-0.973,147.527,0.974,4399.168,146.605,0.046
24.995,1.122e4,14.896,-0.975,147.287,0.976,4406.497,146.532,0.044
25.045,1.122e4,13.328,-0.974,147.066,0.975,4413.822,146.461,0.045
25.095,1.122e4,11.76,-0.975,146.86,0.976,4421.143,146.389,0.045
25.145,1.122e4,10.191,-0.976,146.671,0.977,4428.46,146.317,0.045
25.195,1.122e4,8.619,-0.98,146.501,0.981,4435.774,146.247,0.042
25.245,1.122e4,7.041,-0.982,146.35,0.983,4443.085,146.181,0.041
25.295,1.122e4,5.459,-0.984,146.217,0.985,4450.393,146.115,0.041
25.345,1.122e4,3.874,-0.986,146.102,0.987,4457.697,146.05,0.04
25.395,1.122e4,2.286,-0.988,146.004,0.989,4464.998,145.986,0.04
25.445,1.122e4,0.695,-0.991,145.924,0.991,4472.295,145.922,0.04
# Event APOGEE occurred at t=25.495 seconds
25.495,1.122e4,-0.901,-0.993,145.861,0.994,4479.59,145.858,0.039
# Event RECOVERY_DEVICE_DEPLOYMENT occurred at t=25.496 seconds
25.545,1.122e4,-2.499,-0.995,145.817,0.996,4486.881,145.796,0.038
25.546,1.122e4,-2.529,-0.919,182.534,5.821,4487.027,145.611,5.748
25.553,1.122e4,-2.735,-0.918,181.203,5.806,4488.038,144.325,5.733
25.562,1.122e4,-2.994,-0.913,179.604,5.726,4489.304,142.72,5.653
25.576,1.122e4,-3.409,-0.905,177.643,5.663,4491.321,140.155,5.59
25.591,1.122e4,-3.83,-0.893,176.03,5.564,4493.352,137.572,5.492
25.606,1.122e4,-4.26,-0.881,174.392,5.466,4495.421,134.935,5.394
25.62,1.122e4,-4.647,-0.869,172.846,5.354,4497.271,132.584,5.283
25.632,1.122e4,-4.977,-0.859,171.255,5.236,4498.84,130.603,5.165
25.644,1.122e4,-5.316,-0.851,169.576,5.138,4500.445,128.585,5.067
25.657,1.122e4,-5.662,-0.842,167.883,5.04,4502.077,126.54,4.969
25.669,1.122e4,-6.005,-0.834,166.186,4.938,4503.679,124.541,4.867
25.682,1.122e4,-6.345,-0.826,164.469,4.836,4505.26,122.579,4.765
25.696,1.122e4,-6.693,-0.818,162.728,4.738,4506.871,120.59,4.667
25.709,1.122e4,-7.051,-0.81,160.969,4.64,4508.51,118.574,4.569
25.723,1.122e4,-7.416,-0.802,159.193,4.542,4510.175,116.538,4.471
25.738,1.122e4,-7.791,-0.794,157.399,4.444,4511.868,114.476,4.372
25.753,1.122e4,-8.175,-0.786,155.586,4.346,4513.593,112.385,4.274
25.768,1.122e4,-8.556,-0.778,153.763,4.245,4515.286,110.343,4.173
25.782,1.122e4,-8.9,-0.771,151.908,4.134,4516.804,108.531,4.061
25.797,1.122e4,-9.256,-0.765,150.032,4.037,4518.357,106.691,3.963
25.812,1.122e4,-9.621,-0.759,148.136,3.939,4519.939,104.83,3.865
25.826,1.122e4,-9.955,-0.753,146.186,3.83,4521.373,103.164,3.755
25.839,1.122e4,-10.289,-0.748,144.232,3.729,4522.796,101.53,3.654
25.854,1.122e4,-10.634,-0.743,142.263,3.632,4524.248,99.88,3.556
25.868,1.122e4,-10.971,-0.738,140.245,3.53,4525.654,98.305,3.452
25.881,1.122e4,-11.275,-0.734,138.128,3.419,4526.909,96.923,3.34
25.894,1.122e4,-11.589,-0.731,136.074,3.323,4528.195,95.53,3.241
25.908,1.122e4,-11.913,-0.728,133.989,3.226,4529.507,94.13,3.143
25.926,1.122e4,-12.329,-0.724,131.949,3.148,4531.173,92.369,3.064
25.948,1.122e4,-12.849,-0.718,129.818,3.069,4533.229,90.207,2.984
25.972,1.122e4,-13.386,-0.711,127.666,2.972,4535.323,88.025,2.886
25.993,1.122e4,-13.861,-0.704,125.422,2.86,4537.149,86.155,2.772
26.015,1.122e4,-14.353,-0.699,123.194,2.764,4539.014,84.272,2.674
26.03,1.122e4,-14.705,-0.697,120.46,2.626,4540.324,82.996,2.532
26.045,1.122e4,-15.025,-0.696,117.946,2.518,4541.503,81.882,2.42
26.06,1.122e4,-15.36,-0.696,115.562,2.425,4542.718,80.766,2.323
26.083,1.122e4,-15.872,-0.694,113.403,2.361,4544.555,79.098,2.256
26.115,1.121e4,-16.589,-0.688,111.036,2.29,4547.077,76.824,2.184
26.158,1.121e4,-17.53,-0.68,108.526,2.215,4550.318,73.907,2.108
26.221,1.121e4,-18.888,-0.667,105.679,2.146,4554.865,69.753,2.04
26.283,1.121e4,-20.169,-0.65,103.356,2.042,4559.02,65.939,1.936
26.328,1.121e4,-21.101,-0.639,100.81,1.909,4561.949,63.316,1.798
26.383,1.121e4,-22.209,-0.631,98.19,1.827,4565.325,60.304,1.714
26.666,1.12e4,-27.785,-0.611,87.408,1.819,4580.205,44.682,1.713
26.73,1.12e4,-28.973,-0.577,85.824,1.388,4582.981,42.083,1.263
26.863,1.12e4,-31.396,-0.566,82.515,1.34,4588.237,36.88,1.215
27.164,1.119e4,-36.56,-0.533,77.649,1.298,4597.622,25.397,1.184
27.25,1.118e4,-38.012,-0.531,72.884,0.979,4599.685,23.146,0.823
27.482,1.117e4,-41.881,-0.518,70.407,0.943,4604.375,17.266,0.788
27.766,1.116e4,-46.284,-0.481,69.134,0.86,4608.355,10.75,0.713
27.997,1.115e4,-49.642,-0.452,67.532,0.744,4610.33,6.365,0.591
28.316,1.113e4,-53.978,-0.422,67.072,0.672,4611.503,0.995,0.523
28.751,1.111e4,-59.145,-0.368,68.16,0.598,4610.495,5.622,0.472
29.216,1.108e4,-63.596,-0.298,69.628,0.504,4606.471,11.703,0.407
29.716,1.105e4,-67.316,-0.231,71.098,0.412,4599.246,17.198,0.342
30.216,1.101e4,-69.758,-0.152,73.013,0.371,4589.284,22.651,0.339
30.716,1.098e4,-71.559,-0.112,73.71,0.303,4576.826,27.18,0.282
31.216,1.094e4,-72.876,-0.082,74.214,0.24,4562.329,30.81,0.226
31.716,1.091e4,-73.844,-0.06,74.543,0.175,4546.261,33.461,0.165
32.104,1.088e4,-74.443,-0.048,74.477,0.059,4533.185,33.886,0.034
32.604,1.084e4,-74.937,-0.031,75.008,0.061,4516.028,34.742,0.053
33.104,1.08e4,-75.211,-0.017,75.265,0.05,4498.469,35.493,0.047
33.604,1.076e4,-75.361,-0.009,75.384,0.032,4480.599,35.988,0.031
34.104,1.073e4,-75.429,-0.004,75.448,0.028,4462.492,36.44,0.028
34.604,1.069e4,-75.455,-0.002,75.455,0.004,4444.289,36.373,0.004
35.104,1.065e4,-75.45,3.078e-4,75.451,0.007,4426.075,36.485,0.007
35.604,1.061e4,-75.413,0.002,75.455,0.043,4408.003,35.8,0.043
36.104,1.058e4,-75.38,0.002,75.402,0.03,4389.982,36.284,0.03
36.604,1.054e4,-75.33,0.003,75.385,0.048,4371.646,37.06,0.048
37.104,1.05e4,-75.299,0.002,75.302,0.011,4353.071,37.239,0.011
37.604,1.046e4,-75.261,0.002,75.269,0.019,4334.527,36.938,0.019
38.104,1.043e4,-75.192,0.004,75.278,0.062,4316.305,35.949,0.061
38.604,1.039e4,-75.158,0.002,75.174,0.027,4298.437,35.522,0.027
39.104,1.035e4,-75.111,0.003,75.15,0.041,4280.841,34.862,0.041
39.604,1.031e4,-75.043,0.004,75.146,0.067,4263.68,33.783,0.067
40.104,1.027e4,-74.96,0.005,75.135,0.088,4247.14,32.376,0.087
40.604,1.024e4,-74.952,4.691e-4,74.957,0.015,4231.011,32.141,0.015
41.104,1.02e4,-74.93,0.001,74.933,0.012,4214.893,32.332,0.012
41.604,1.016e4,-74.876,0.003,74.941,0.053,4198.515,33.178,0.053
42.104,1.013e4,-74.774,0.006,74.99,0.097,4181.536,34.738,0.097
42.604,1.009e4,-74.771,1.762e-4,74.773,0.009,4164.133,34.877,0.009
43.104,1.005e4,-74.748,0.001,74.756,0.019,4146.771,34.569,0.019
43.604,1.001e4,-74.702,0.003,74.75,0.046,4129.672,33.829,0.046
44.104,9975.572,-74.67,0.002,74.675,0.015,4112.698,34.068,0.015
44.604,9938.247,-74.63,0.003,74.641,0.022,4095.576,34.42,0.022
45.104,9900.956,-74.534,0.006,74.697,0.085,4078.027,35.777,0.084
45.604,9863.697,-74.503,0.002,74.54,0.04,4059.977,36.423,0.04
46.104,9826.453,-74.474,0.002,74.487,0.023,4041.672,36.798,0.023
46.604,9789.248,-74.347,0.008,74.618,0.109,4022.834,38.554,0.109
47.079,9753.938,-74.35,-1.857e-4,74.35,0.002,4004.517,38.585,0.002
47.579,9716.768,-74.331,0.001,74.337,0.015,3985.286,38.337,0.015
48.079,9679.621,-74.255,0.005,74.391,0.078,3966.43,37.087,0.078
48.579,9642.509,-74.196,0.004,74.321,0.074,3948.185,35.89,0.074
49.079,9605.416,-74.174,0.001,74.21,0.04,3930.403,35.241,0.04
49.579,9568.336,-74.145,0.002,74.173,0.036,3912.925,34.667,0.036
50.079,9531.271,-74.118,0.002,74.121,0.014,3895.646,34.45,0.013
50.579,9494.229,-74.051,0.004,74.144,0.064,3878.165,35.474,0.064
51.079,9457.211,-74.02,0.002,74.04,0.031,3860.551,34.983,0.031
51.579,9420.212,-73.978,0.003,74.011,0.038,3842.908,35.59,0.038
52.036,9386.399,-73.91,0.005,74.037,0.074,3826.881,34.505,0.074
52.536,9349.45,-73.889,0.001,73.895,0.017,3809.696,34.237,0.017
53.036,9312.518,-73.836,0.003,73.901,0.054,3792.795,33.368,0.054
53.536,9275.61,-73.796,0.002,73.837,0.043,3776.282,32.683,0.043
54.036,9238.721,-73.762,0.002,73.782,0.03,3760.062,32.198,0.03
54.468,9206.904,-73.681,0.006,73.869,0.088,3745.902,33.418,0.088
54.968,9170.071,-73.652,0.002,73.699,0.046,3729.01,34.15,0.045
55.468,9133.251,-73.63,0.001,73.638,0.019,3711.858,34.459,0.019
55.968,9096.452,-73.565,0.004,73.666,0.067,3694.361,35.53,0.067
56.468,9059.676,-73.54,0.002,73.558,0.029,3676.712,35.066,0.029
56.968,9022.914,-73.509,0.002,73.52,0.022,3659.268,34.708,0.022
57.468,8986.177,-73.436,0.005,73.55,0.071,3641.629,35.851,0.071
57.968,8949.464,-73.417,0.001,73.417,0.003,3623.714,35.809,0.003
58.468,8912.765,-73.38,0.002,73.4,0.03,3605.688,36.294,0.03
58.968,8876.088,-73.33,0.003,73.379,0.046,3587.355,37.038,0.046
59.468,8839.455,-73.202,0.008,73.477,0.112,3568.388,38.831,0.111
59.901,8807.741,-73.209,-4.972e-4,73.21,0.006,3551.583,38.748,0.006
60.401,8771.14,-73.197,7.13e-4,73.199,0.008,3532.175,38.884,0.008
60.901,8734.552,-73.155,0.003,73.206,0.048,3512.927,38.108,0.048
61.401,8697.981,-73.128,0.002,73.135,0.019,3493.95,37.803,0.019
61.901,8661.427,-73.088,0.003,73.114,0.035,3475.188,37.245,0.035
62.401,8624.891,-73.056,0.002,73.056,0.002,3456.563,37.255,6.41e-4
62.901,8588.374,-73.012,0.003,73.035,0.032,3437.808,37.762,0.032
63.401,8551.883,-72.954,0.004,73.017,0.053,3418.714,38.614,0.053
63.901,8515.414,-72.922,0.002,72.934,0.023,3399.5,38.243,0.023
64.401,8478.971,-72.848,0.005,72.964,0.073,3380.671,37.072,0.073
64.901,8442.556,-72.81,0.002,72.866,0.051,3362.339,36.259,0.051
65.401,8406.157,-72.787,0.001,72.799,0.023,3344.303,35.885,0.023
65.685,8385.512,-72.663,0.014,73.324,0.157,3333.913,37.309,0.156
66.124,8353.659,-72.619,0.003,72.814,0.091,3317.273,38.59,0.091
66.511,8325.526,-72.629,-8.493e-4,72.644,0.025,3302.383,38.284,0.025
67.011,8289.212,-72.626,2.254e-4,72.633,0.017,3283.171,38.564,0.017
67.511,8252.915,-72.562,0.004,72.686,0.075,3263.588,39.767,0.075
67.974,8219.328,-72.544,0.001,72.572,0.035,3245.301,39.24,0.035
68.436,8185.837,-72.493,0.003,72.596,0.067,3226.949,40.234,0.067
68.922,8150.565,-72.472,0.001,72.491,0.03,3207.484,39.766,0.03
69.422,8114.335,-72.447,0.002,72.451,0.013,3187.549,39.975,0.013
69.922,8078.12,-72.415,0.002,72.415,0.004,3167.573,39.928,0.003
70.422,8041.926,-72.362,0.003,72.407,0.046,3147.793,39.189,0.046
70.922,8005.755,-72.32,0.003,72.348,0.036,3128.056,39.76,0.035
71.422,7969.605,-72.279,0.003,72.303,0.033,3108.044,40.287,0.033
71.922,7933.474,-72.246,0.002,72.246,0.002,3087.905,40.271,9.818e-4
72.422,7897.371,-72.167,0.005,72.282,0.073,3068.064,39.094,0.073
72.922,7861.293,-72.146,0.001,72.149,0.012,3048.47,39.28,0.012
73.422,7825.229,-72.109,0.002,72.128,0.03,3028.95,38.799,0.03
73.922,7789.215,-71.948,0.01,72.298,0.129,3010.067,36.733,0.128
74.389,7755.658,-71.965,-0.001,71.974,0.02,2993.006,36.437,0.02
74.889,7719.678,-71.953,7.484e-4,71.976,0.033,2974.921,35.903,0.033
75.389,7683.706,-71.936,0.001,71.938,0.009,2956.934,36.046,0.009
75.889,7647.751,-71.886,0.003,71.947,0.054,2939.127,35.181,0.054
76.389,7611.817,-71.849,0.002,71.886,0.041,2921.371,35.846,0.041
76.889,7575.903,-71.807,0.003,71.851,0.045,2903.267,36.569,0.045
77.389,7540.008,-71.776,0.002,71.793,0.028,2884.87,37.019,0.028
77.889,7504.127,-71.746,0.002,71.747,0.004,2866.347,37.073,0.003
78.389,7468.266,-71.698,0.003,71.736,0.043,2847.981,36.389,0.043
78.889,7432.428,-71.656,0.003,71.685,0.037,2829.935,35.796,0.037
79.389,7396.608,-71.622,0.002,71.632,0.021,2812.121,35.459,0.021
79.889,7360.808,-71.579,0.003,71.605,0.035,2794.253,36.014,0.035
80.389,7325.028,-71.538,0.003,71.563,0.034,2776.111,36.554,0.034
80.889,7289.267,-71.506,0.002,71.507,0.007,2757.808,36.658,0.006
81.389,7253.529,-71.449,0.004,71.507,0.052,2739.271,37.491,0.052
81.889,7217.815,-71.408,0.003,71.444,0.041,2720.691,36.827,0.041
82.389,7182.119,-71.374,0.002,71.391,0.029,2702.393,36.368,0.029
82.889,7146.454,-71.288,0.005,71.438,0.085,2684.549,35.009,0.084
83.389,7110.814,-71.273,9.027e-4,71.288,0.027,2667.153,34.574,0.027
83.889,7075.183,-71.25,0.001,71.258,0.02,2649.945,34.259,0.02
84.389,7039.576,-71.177,0.005,71.298,0.076,2633.121,33.039,0.076
84.79,7011.031,-71.15,0.002,71.214,0.051,2619.736,33.7,0.051
85.29,6975.468,-71.103,0.003,71.191,0.064,2602.627,34.734,0.064
85.79,6939.937,-71.021,0.005,71.21,0.094,2584.881,36.25,0.094
86.161,6913.612,-71.016,3.838e-4,71.062,0.043,2571.54,35.734,0.043
86.661,6878.106,-71.007,5.812e-4,71.026,0.029,2553.554,36.208,0.029
87.161,6842.606,-70.991,0.001,70.993,0.011,2535.494,36.034,0.011
87.661,6807.122,-70.946,0.003,70.996,0.048,2517.283,36.809,0.048
88.161,6771.656,-70.92,0.002,70.929,0.02,2498.797,37.135,0.02
88.661,6736.206,-70.88,0.002,70.906,0.035,2480.09,37.692,0.035
89.051,6708.54,-70.8,0.006,71.017,0.096,2465.605,36.488,0.096
89.551,6673.166,-70.699,0.006,70.943,0.109,2447.797,34.746,0.108
90.051,6637.813,-70.712,-8.227e-4,70.728,0.028,2430.534,34.303,0.028
90.421,6611.692,-70.637,0.006,70.933,0.11,2417.614,35.614,0.11
90.921,6576.376,-70.627,6.09e-4,70.693,0.056,2399.583,36.511,0.056
91.421,6541.063,-70.628,-9.152e-5,70.628,4.579e-4,2381.329,36.504,4.487e-4
91.921,6505.753,-70.61,0.001,70.613,0.012,2363.127,36.305,0.012
92.421,6470.459,-70.567,0.003,70.607,0.043,2344.801,36.996,0.043
92.921,6435.182,-70.541,0.002,70.541,0.005,2326.323,36.919,0.005
93.421,6399.92,-70.506,0.002,70.512,0.017,2307.796,37.186,0.017
93.921,6364.683,-70.441,0.004,70.519,0.061,2288.96,38.161,0.061
94.378,6332.485,-70.401,0.003,70.457,0.051,2271.683,37.412,0.051
94.878,6297.291,-70.374,0.002,70.387,0.024,2252.879,37.802,0.024
95.378,6262.119,-70.311,0.004,70.405,0.068,2234.25,36.716,0.067
95.878,6226.978,-70.255,0.003,70.357,0.071,2216.175,35.582,0.071
96.378,6191.853,-70.246,5.511e-4,70.246,0.002,2198.375,35.62,0.002
96.878,6156.736,-70.222,0.001,70.224,0.01,2180.605,35.461,0.01
97.29,6127.835,-70.113,0.008,70.409,0.114,2165.688,36.967,0.114
97.544,6110.027,-70.105,9.822e-4,70.177,0.052,2156.353,36.545,0.052
98.044,6074.981,-70.08,0.002,70.145,0.056,2138.305,35.644,0.056
98.544,6039.944,-70.07,6.338e-4,70.08,0.022,2120.396,35.993,0.022
99.044,6004.914,-70.049,0.001,70.053,0.013,2102.348,36.2,0.013
99.544,5969.9,-70.007,0.003,70.044,0.042,2084.418,35.518,0.042
100.044,5934.904,-69.98,0.002,69.982,0.011,2066.704,35.339,0.011
100.544,5899.923,-69.943,0.002,69.957,0.026,2049.139,34.919,0.026
101.044,5864.974,-69.853,0.006,70.003,0.086,2032.025,33.54,0.086
101.544,5830.051,-69.839,8.805e-4,69.854,0.028,2015.366,33.093,0.028
102.044,5795.143,-69.794,0.003,69.859,0.056,1998.596,33.989,0.056
102.544,5760.25,-69.777,0.001,69.78,0.013,1981.652,33.786,0.013
103.044,5725.377,-69.713,0.004,69.812,0.069,1964.481,34.899,0.069
103.544,5690.527,-69.69,0.001,69.714,0.034,1946.893,35.45,0.034
104.044,5655.694,-69.642,0.003,69.712,0.059,1929.405,34.504,0.059
104.544,5620.878,-69.623,0.001,69.631,0.019,1912.079,34.802,0.019
105.044,5586.072,-69.599,0.002,69.599,0.003,1894.686,34.77,0.002
105.544,5551.281,-69.565,0.002,69.573,0.02,1877.223,35.082,0.019
106.044,5516.507,-69.533,0.002,69.533,0.002,1859.681,35.085,1.876e-4
106.544,5481.749,-69.496,0.002,69.503,0.019,1842.214,34.787,0.019
107.044,5447.012,-69.455,0.003,69.471,0.028,1824.707,35.239,0.028
107.544,5412.303,-69.382,0.005,69.484,0.071,1807.373,34.096,0.071
108.044,5377.616,-69.366,0.001,69.366,0.006,1790.302,34.189,0.006
108.544,5342.959,-69.261,0.007,69.463,0.1,1772.807,35.792,0.1
109.044,5308.348,-69.183,0.005,69.396,0.102,1754.5,37.435,0.102
109.544,5273.757,-69.182,1.003e-4,69.249,0.057,1735.554,38.353,0.057
110.044,5239.164,-69.19,-5.073e-4,69.191,0.007,1716.349,38.465,0.007
110.544,5204.577,-69.159,0.002,69.206,0.049,1697.312,37.684,0.049
111.044,5170.007,-69.122,0.002,69.178,0.053,1678.682,36.836,0.053
111.544,5135.456,-69.083,0.002,69.146,0.056,1660.491,35.93,0.056
112.044,5100.921,-69.057,0.002,69.087,0.039,1642.681,35.306,0.039
112.519,5068.135,-69.003,0.004,69.102,0.069,1625.664,36.354,0.069
112.938,5039.174,-68.979,0.002,69.027,0.047,1610.537,35.721,0.047
113.237,5018.621,-68.925,0.006,69.164,0.097,1599.751,36.649,0.097
113.737,4984.177,-68.852,0.005,69.036,0.095,1581.044,38.18,0.095
114.042,4963.175,-68.836,0.002,68.966,0.072,1569.504,37.474,0.072
114.542,4928.754,-68.845,-5.526e-4,68.854,0.02,1550.849,37.145,0.02
115.042,4894.338,-68.82,0.002,68.86,0.045,1532.458,36.422,0.045
115.542,4859.946,-68.751,0.004,68.886,0.083,1514.578,35.095,0.082
116.042,4825.572,-68.744,3.841e-4,68.759,0.027,1497.139,34.661,0.027
116.542,4791.211,-68.7,0.003,68.773,0.06,1479.568,35.622,0.06
117.042,4756.867,-68.674,0.002,68.71,0.042,1461.589,36.296,0.042
117.542,4722.54,-68.634,0.002,68.691,0.053,1443.229,37.146,0.053
118.042,4688.234,-68.591,0.003,68.658,0.058,1424.424,38.073,0.058
118.542,4653.942,-68.577,8.696e-4,68.578,0.008,1405.357,38.195,0.008
119.042,4619.666,-68.526,0.003,68.592,0.058,1386.491,37.27,0.057
119.542,4585.409,-68.503,0.001,68.517,0.027,1367.749,37.696,0.026
120.042,4551.164,-68.477,0.002,68.48,0.013,1348.952,37.492,0.013
120.542,4516.937,-68.431,0.003,68.473,0.046,1330.021,38.231,0.046
121.021,4484.128,-68.379,0.003,68.453,0.06,1311.908,37.299,0.06
121.521,4449.944,-68.359,0.001,68.366,0.02,1293.338,36.984,0.02
122.021,4415.775,-68.318,0.003,68.358,0.045,1275.027,36.259,0.045
122.521,4381.628,-68.27,0.003,68.332,0.056,1256.674,37.153,0.056
123.021,4347.502,-68.234,0.002,68.281,0.048,1237.904,37.93,0.048
123.521,4313.389,-68.216,0.001,68.217,0.007,1218.966,37.82,0.007
124.021,4279.288,-68.19,0.002,68.19,0.005,1200.039,37.89,0.004
124.521,4245.213,-68.109,0.005,68.233,0.08,1181.415,36.607,0.08
125.021,4211.165,-68.082,0.002,68.124,0.046,1163.298,35.862,0.046
125.453,4181.815,-68.035,0.003,68.147,0.072,1147.617,36.86,0.072
125.795,4158.541,-68.013,0.002,68.089,0.057,1135.112,36.237,0.057
126.295,4124.561,-67.909,0.006,68.148,0.111,1117.439,34.456,0.111
126.795,4090.602,-67.926,-0.001,67.947,0.033,1100.345,33.922,0.033
127.295,4056.648,-67.89,0.002,67.979,0.067,1083.116,34.997,0.067
127.795,4022.722,-67.815,0.005,68.002,0.098,1065.225,36.564,0.097
128.115,4000.965,-67.808,6.588e-4,67.899,0.061,1053.596,35.93,0.061
128.615,3967.06,-67.813,-3.219e-4,67.83,0.029,1035.75,35.456,0.029
129.115,3933.155,-67.806,4.477e-4,67.807,0.004,1018.004,35.527,0.004
129.615,3899.27,-67.731,0.005,67.866,0.083,999.908,36.856,0.083
129.922,3878.496,-67.696,0.004,67.867,0.084,988.728,36.031,0.084
130.168,3861.863,-67.691,6.499e-4,67.742,0.044,979.832,36.376,0.044
130.668,3828.033,-67.632,0.004,67.776,0.085,961.301,37.75,0.085
131.168,3794.216,-67.634,-1.708e-4,67.655,0.032,942.299,38.257,0.032
131.668,3760.402,-67.62,9.195e-4,67.639,0.031,923.046,38.756,0.031
132.168,3726.598,-67.597,0.001,67.613,0.028,903.556,39.204,0.028
132.668,3692.806,-67.572,0.002,67.579,0.018,883.884,39.486,0.017
133.168,3659.027,-67.542,0.002,67.551,0.022,864.228,39.137,0.022
133.668,3625.269,-67.494,0.003,67.541,0.05,844.86,38.338,0.05
134.168,3591.528,-67.47,0.001,67.474,0.014,825.745,38.121,0.013
134.668,3557.799,-67.443,0.002,67.444,0.008,806.714,38.004,0.007
135.168,3524.095,-67.376,0.004,67.465,0.068,787.986,36.909,0.068
135.668,3490.449,-67.209,0.01,67.579,0.14,770.092,34.664,0.14
136.137,3458.938,-67.247,-0.003,67.266,0.032,753.956,34.189,0.032
136.637,3425.311,-67.26,-8.197e-4,67.262,0.011,736.818,34.367,0.011
137.137,3391.684,-67.25,6.069e-4,67.251,0.008,719.603,34.491,0.008
137.637,3358.068,-67.214,0.002,67.248,0.042,702.528,33.812,0.042
138.137,3324.467,-67.191,0.001,67.195,0.015,685.563,34.048,0.015
138.637,3290.878,-67.163,0.002,67.163,0.006,668.516,34.14,0.006
139.137,3257.317,-67.084,0.005,67.198,0.077,651.139,35.371,0.077
139.637,3223.777,-67.073,6.741e-4,67.074,0.001,633.45,35.384,8.052e-4
140.137,3190.253,-67.024,0.003,67.089,0.057,615.528,36.306,0.057
140.637,3156.747,-67,0.002,67.02,0.032,597.248,36.817,0.032
141.137,3123.252,-66.977,0.001,66.981,0.016,578.902,36.566,0.016
141.637,3089.771,-66.949,0.002,66.951,0.012,560.669,36.368,0.012
142.137,3056.312,-66.887,0.004,66.961,0.062,542.737,35.364,0.062
142.637,3022.884,-66.824,0.004,66.934,0.076,525.361,34.139,0.076
142.976,3000.226,-66.791,0.003,66.92,0.074,513.646,34.949,0.074
143.476,2966.831,-66.789,9.749e-5,66.795,0.016,496.108,35.206,0.016
143.976,2933.444,-66.759,0.002,66.795,0.044,478.681,34.504,0.044
144.476,2900.075,-66.717,0.003,66.777,0.056,461.206,35.398,0.056
144.976,2866.72,-66.702,8.832e-4,66.704,0.008,443.476,35.525,0.008
145.476,2833.375,-66.677,0.002,66.682,0.016,425.78,35.265,0.016
145.976,2800.044,-66.649,0.002,66.649,0.003,408.139,35.299,0.002
146.476,2766.738,-66.572,0.005,66.682,0.076,390.186,36.516,0.076
146.976,2733.456,-66.556,0.001,66.57,0.027,371.822,36.945,0.027
147.476,2700.191,-66.507,0.003,66.579,0.062,353.6,35.947,0.062
147.976,2666.943,-66.484,0.001,66.511,0.038,335.78,35.337,0.038
148.476,2633.708,-66.455,0.002,66.483,0.038,317.962,35.944,0.038
148.976,2600.486,-66.435,0.001,66.437,0.008,300.024,35.81,0.008
149.476,2567.278,-66.394,0.003,66.429,0.043,282.294,35.118,0.043
149.976,2534.087,-66.372,0.001,66.372,0.005,264.757,35.039,0.005
150.476,2500.909,-66.34,0.002,66.349,0.021,247.156,35.372,0.021
150.976,2467.754,-66.28,0.004,66.355,0.063,229.221,36.378,0.063
151.476,2434.619,-66.261,0.001,66.268,0.018,210.962,36.672,0.018
151.976,2401.496,-66.231,0.002,66.247,0.029,192.748,36.198,0.029
152.476,2368.386,-66.205,0.002,66.209,0.014,174.597,36.422,0.014
152.976,2335.299,-66.144,0.004,66.222,0.064,156.135,37.447,0.064
153.476,2302.247,-66.065,0.005,66.217,0.09,137.058,38.888,0.09
153.976,2269.214,-66.066,-5.39e-5,66.082,0.029,117.508,39.35,0.029
154.476,2236.185,-66.051,9.469e-4,66.066,0.028,97.961,38.892,0.028
154.976,2203.167,-66.02,0.002,66.051,0.041,78.699,38.235,0.041
155.476,2170.164,-65.993,0.002,66.013,0.033,59.743,37.712,0.033
155.976,2137.174,-65.965,0.002,65.982,0.03,40.827,38.199,0.03
156.476,2104.204,-65.917,0.003,65.975,0.055,21.677,39.088,0.055
156.976,2071.272,-65.808,0.007,66.027,0.109,4.179,40.831,0.108
157.463,2039.185,-65.828,-0.001,65.829,0.004,19.006,40.895,0.004
157.963,2006.284,-65.774,0.003,65.893,0.08,38.916,39.606,0.08
158.463,1973.403,-65.753,0.001,65.818,0.059,58.413,38.651,0.059
158.963,1940.528,-65.748,3.141e-4,65.763,0.029,77.587,38.181,0.029
159.463,1907.67,-65.683,0.004,65.807,0.082,96.33,36.867,0.082
159.963,1874.832,-65.669,9.022e-4,65.713,0.049,114.554,36.082,0.049
160.401,1846.105,-65.633,0.003,65.726,0.068,130.543,37.035,0.068
160.901,1813.289,-65.632,6.707e-5,65.632,3.24e-4,149.054,37.04,3.17e-4
161.401,1780.484,-65.585,0.003,65.654,0.06,167.811,38.009,0.06
161.901,1747.706,-65.528,0.004,65.636,0.076,187.115,39.226,0.076
162.401,1714.942,-65.526,1.489e-4,65.532,0.018,206.798,39.522,0.018
162.901,1682.191,-65.48,0.003,65.551,0.062,226.306,38.526,0.062
163.401,1649.461,-65.438,0.003,65.516,0.065,245.305,37.479,0.065
163.769,1625.382,-65.402,0.003,65.522,0.074,259.258,38.349,0.073
164.269,1592.702,-65.321,0.005,65.512,0.102,278.839,39.982,0.101
164.769,1560.036,-65.341,-0.001,65.351,0.023,298.921,40.355,0.023
165.269,1527.377,-65.294,0.003,65.399,0.075,319.399,41.563,0.075
165.722,1497.819,-65.288,3.747e-4,65.316,0.037,338.091,41.018,0.037
166.222,1465.176,-65.281,4.516e-4,65.282,0.007,358.625,41.126,0.007
166.722,1432.55,-65.225,0.004,65.31,0.068,379.459,42.214,0.068
167.117,1406.771,-65.195,0.002,65.273,0.061,395.992,41.433,0.061
167.617,1374.178,-65.178,0.001,65.202,0.036,416.564,40.858,0.036
168.117,1341.593,-65.159,0.001,65.171,0.025,436.891,40.452,0.025
168.617,1309.019,-65.136,0.001,65.141,0.016,457.05,40.188,0.016
169.117,1276.473,-65.048,0.006,65.193,0.09,476.784,38.75,0.089
169.617,1243.949,-65.05,-1.466e-4,65.05,2.024e-4,496.158,38.752,1.396e-4
170.117,1211.43,-65.025,0.002,65.048,0.035,515.675,39.317,0.035
170.617,1178.923,-65.004,0.001,65.009,0.016,535.395,39.566,0.016
171.117,1146.427,-64.978,0.002,64.983,0.017,555.111,39.3,0.017
171.617,1113.946,-64.949,0.002,64.953,0.015,574.82,39.536,0.015
172.117,1081.479,-64.919,0.002,64.922,0.015,594.529,39.302,0.015
172.617,1049.027,-64.886,0.002,64.893,0.019,614.103,38.998,0.019
173.117,1016.605,-64.803,0.005,64.926,0.083,633.269,37.667,0.083
173.617,984.208,-64.788,9.145e-4,64.813,0.037,651.952,37.066,0.037
# Event RECOVERY_DEVICE_DEPLOYMENT occurred at t=173.618 seconds
174.117,951.817,-64.775,7.888e-4,64.777,0.009,670.519,37.204,0.009
174.123,951.445,-63.135,8.775,63.141,8.776,670.735,37.179,0.133
174.124,951.369,-62.812,8.286,62.817,8.287,670.78,37.174,0.123
174.125,951.287,-62.468,8.191,62.473,8.192,670.829,37.169,0.121
174.127,951.205,-62.123,8.091,62.128,8.092,670.878,37.164,0.118
174.128,951.121,-61.776,7.991,61.781,7.992,670.928,37.159,0.116
174.129,951.036,-61.427,7.891,61.432,7.891,670.979,37.154,0.114
174.131,950.951,-61.076,7.79,61.081,7.791,671.031,37.149,0.112
174.132,950.864,-60.723,7.69,60.728,7.691,671.084,37.144,0.11
174.134,950.776,-60.369,7.59,60.373,7.591,671.138,37.139,0.108
174.135,950.687,-60.012,7.49,60.017,7.491,671.193,37.134,0.106
174.137,950.596,-59.653,7.39,59.658,7.391,671.249,37.129,0.104
174.138,950.505,-59.292,7.29,59.297,7.291,671.306,37.124,0.101
174.14,950.412,-58.929,7.19,58.934,7.191,671.365,37.119,0.099
174.141,950.318,-58.564,7.09,58.568,7.091,671.424,37.114,0.097
174.143,950.223,-58.197,6.99,58.201,6.991,671.485,37.109,0.095
174.145,950.126,-57.827,6.891,57.831,6.891,671.547,37.104,0.093
174.146,950.028,-57.456,6.791,57.459,6.791,671.61,37.099,0.091
174.148,949.929,-57.081,6.691,57.085,6.691,671.674,37.094,0.089
174.15,949.828,-56.705,6.591,56.709,6.592,671.74,37.089,0.087
174.152,949.725,-56.326,6.491,56.33,6.492,671.807,37.084,0.085
174.154,949.621,-55.945,6.392,55.948,6.392,671.876,37.079,0.081
174.156,949.515,-55.562,6.292,55.565,6.292,671.946,37.075,0.077
174.157,949.408,-55.175,6.192,55.178,6.193,672.018,37.07,0.073
174.159,949.299,-54.787,6.093,54.789,6.093,672.092,37.066,0.069
174.161,949.188,-54.396,5.993,54.398,5.994,672.167,37.061,0.065
174.164,949.076,-54.002,5.894,54.004,5.894,672.244,37.057,0.061
174.166,948.961,-53.605,5.794,53.607,5.794,672.323,37.053,0.057
174.168,948.845,-53.205,5.695,53.207,5.695,672.403,37.05,0.053
174.17,948.726,-52.803,5.595,52.804,5.596,672.486,37.046,0.049
174.172,948.606,-52.398,5.496,52.399,5.496,672.571,37.043,0.045
174.175,948.483,-51.989,5.397,51.99,5.397,672.658,37.04,0.041
174.177,948.358,-51.578,5.297,51.579,5.298,672.748,37.037,0.037
174.18,948.231,-51.163,5.198,51.164,5.198,672.839,37.034,0.033
174.182,948.101,-50.746,5.099,50.746,5.099,672.934,37.032,0.029
174.185,947.969,-50.325,5,50.325,5,673.031,37.03,0.025
174.187,947.834,-49.901,4.901,49.901,4.901,673.13,37.028,0.021
174.19,947.696,-49.473,4.802,49.473,4.802,673.233,37.027,0.017
174.193,947.556,-49.042,4.703,49.042,4.703,673.338,37.026,0.013
174.196,947.413,-48.607,4.604,48.607,4.604,673.447,37.025,0.009
174.199,947.266,-48.168,4.505,48.169,4.505,673.559,37.024,0.005
174.202,947.117,-47.726,4.406,47.726,4.406,673.674,37.024,6.108e-4
174.205,946.964,-47.281,4.307,47.281,4.307,673.793,37.025,0.006
174.209,946.808,-46.832,4.209,46.832,4.209,673.916,37.026,0.014
174.212,946.648,-46.379,4.11,46.379,4.111,674.043,37.029,0.021
174.216,946.485,-45.921,4.012,45.922,4.012,674.174,37.032,0.029
174.219,946.317,-45.46,3.914,45.461,3.914,674.31,37.036,0.037
174.223,946.146,-44.994,3.816,44.995,3.816,674.451,37.042,0.044
174.227,945.969,-44.523,3.718,44.526,3.718,674.596,37.048,0.052
174.231,945.789,-44.048,3.62,44.051,3.62,674.748,37.056,0.06
174.235,945.603,-43.568,3.522,43.572,3.522,674.905,37.065,0.067
174.24,945.412,-43.082,3.424,43.089,3.425,675.068,37.076,0.075
174.244,945.216,-42.592,3.326,42.6,3.327,675.238,37.088,0.083
174.249,945.014,-42.097,3.229,42.107,3.23,675.415,37.102,0.091
174.254,944.806,-41.596,3.131,41.608,3.133,675.599,37.118,0.099
174.259,944.591,-41.089,3.033,41.101,3.035,675.792,37.134,0.098
174.265,944.37,-40.577,2.936,40.589,2.937,675.993,37.151,0.096
174.27,944.141,-40.059,2.838,40.071,2.84,676.204,37.168,0.093
174.276,943.905,-39.535,2.741,39.546,2.743,676.425,37.186,0.091
174.283,943.66,-39.004,2.644,39.016,2.645,676.657,37.203,0.089
174.289,943.406,-38.468,2.547,38.479,2.548,676.901,37.222,0.086
174.296,943.143,-37.924,2.45,37.935,2.451,677.157,37.24,0.084
174.303,942.869,-37.374,2.353,37.385,2.355,677.428,37.259,0.082
174.311,942.588,-36.823,2.257,36.831,2.258,677.711,37.276,0.068
174.319,942.303,-36.282,2.161,36.285,2.161,678.001,37.286,0.041
174.327,942.006,-35.732,2.069,35.733,2.069,678.309,37.29,0.015
174.336,941.695,-35.174,1.976,35.174,1.976,678.636,37.287,0.012
174.345,941.369,-34.607,1.884,34.61,1.885,678.985,37.275,0.038
174.355,941.026,-34.032,1.793,34.041,1.794,679.357,37.254,0.065
174.365,940.673,-33.46,1.702,33.482,1.705,679.746,37.221,0.1
174.376,940.311,-32.892,1.614,32.94,1.62,680.152,37.17,0.143
174.388,939.927,-32.313,1.529,32.397,1.54,680.589,37.101,0.184
174.401,939.52,-31.721,1.445,31.854,1.463,681.061,37.008,0.227
174.415,939.083,-31.113,1.361,31.309,1.388,681.574,36.887,0.269
174.431,938.59,-30.456,1.275,30.694,1.308,682.163,36.738,0.29
174.448,938.063,-29.789,1.185,30.081,1.226,682.805,36.562,0.313
174.468,937.493,-29.107,1.096,29.463,1.146,683.511,36.353,0.336
174.489,936.891,-28.432,1.002,28.791,1.054,684.269,36.133,0.327
174.512,936.239,-27.752,0.911,28.107,0.964,685.105,35.898,0.315
174.536,935.569,-27.108,0.818,27.423,0.867,685.979,35.673,0.286
174.562,934.889,-26.512,0.731,26.754,0.769,686.881,35.476,0.241
174.586,934.254,-26.007,0.649,26.142,0.671,687.738,35.341,0.173
174.608,933.685,-25.596,0.58,25.63,0.586,688.517,35.282,0.084
174.644,932.77,-24.98,0.529,24.992,0.531,689.791,35.225,0.049
174.685,931.753,-24.37,0.46,24.427,0.471,691.241,35.086,0.105
174.716,931.003,-23.985,0.386,23.986,0.386,692.329,35.094,0.009
174.762,929.912,-23.477,0.344,23.5,0.35,693.944,35.188,0.063
174.831,928.328,-22.837,0.291,22.9,0.309,696.36,35.422,0.106
174.932,926.052,-22.115,0.222,22.174,0.245,699.963,35.762,0.105
175.007,924.394,-21.77,0.142,21.77,0.142,702.666,35.747,0.006
175.1,922.392,-21.444,0.11,21.488,0.137,705.966,35.5,0.083
175.14,921.548,-21.336,0.085,21.529,0.177,707.37,35.697,0.155
175.182,920.65,-21.248,0.065,21.28,0.09,708.878,35.781,0.062
175.233,919.563,-21.142,0.064,21.311,0.159,710.72,36.021,0.146
175.368,916.735,-20.884,0.06,21.083,0.194,715.621,36.819,0.184
175.433,915.371,-20.845,0.019,20.849,0.029,718.027,36.774,0.022
175.499,914.006,-20.807,0.018,20.859,0.082,720.442,36.943,0.08
175.999,903.658,-20.585,0.014,20.587,0.074,739.205,38.111,0.073
176.237,898.779,-20.372,0.028,20.678,0.287,748.547,40.304,0.286
176.313,897.217,-20.445,-0.03,20.451,0.04,751.628,40.239,0.026
176.813,886.903,-20.814,-0.023,20.814,0.029,771.675,39.95,0.018
177.239,878.094,-20.528,0.021,20.547,0.131,788.32,38.178,0.129
177.739,867.777,-20.742,-0.013,20.743,0.052,807.206,37.365,0.051
178.239,857.431,-20.64,0.006,20.64,0.008,825.871,37.298,0.004
178.721,847.498,-20.61,0.002,20.617,0.102,844.213,38.872,0.102
179.221,837.171,-20.697,-0.005,20.698,0.028,863.758,39.31,0.027
179.709,827.104,-20.521,0.011,20.53,0.131,883.46,41.358,0.13
179.87,823.806,-20.511,0.002,20.694,0.179,890.035,40.43,0.179
180.098,819.133,-20.575,-0.009,20.626,0.108,899.141,39.639,0.108
180.33,814.362,-20.486,0.012,20.656,0.206,908.174,38.101,0.206
180.83,804.13,-20.442,0.003,20.461,0.201,926.418,34.875,0.201
181.33,793.847,-20.692,-0.016,20.698,0.102,943.451,33.257,0.101
181.502,790.308,-20.572,0.022,20.772,0.196,949.247,34.33,0.194
181.699,786.255,-20.584,-0.002,20.643,0.109,956.076,35.019,0.109
181.984,780.376,-20.637,-0.006,20.642,0.039,966.115,35.372,0.038
182.484,770.056,-20.643,-4.025e-4,20.644,0.041,983.964,36.024,0.041
182.984,759.734,-20.643,4.89e-5,20.643,0.026,1002.081,36.443,0.026
183.29,753.419,-20.549,0.01,20.602,0.14,1013.044,35.062,0.14
183.401,751.153,-20.544,0.001,20.689,0.143,1016.938,35.571,0.143
183.901,740.873,-20.574,-0.002,20.582,0.122,1035.214,37.535,0.122
184.339,731.836,-20.66,-0.006,20.66,0.008,1051.685,37.617,0.006
184.507,728.39,-20.48,0.033,20.825,0.26,1057.871,36.227,0.258
185.007,718.214,-20.225,0.016,20.252,0.256,1074.958,32.121,0.255
185.133,715.646,-20.34,-0.028,20.485,0.148,1079.061,32.712,0.145
185.633,705.409,-20.608,-0.017,20.62,0.15,1096.018,35.115,0.149
186.03,697.227,-20.628,-0.002,20.628,0.022,1110.009,35.393,0.022
186.53,686.916,-20.617,6.887e-4,20.617,0.026,1127.603,34.981,0.026
187.03,676.606,-20.62,-2.101e-4,20.62,0.02,1145.172,35.296,0.02
187.53,666.3,-20.608,7.638e-4,20.608,0.033,1162.951,35.819,0.033
188.03,655.994,-20.614,-3.834e-4,20.614,0.023,1180.767,35.448,0.023
188.292,650.601,-20.493,0.014,20.593,0.171,1190.258,36.889,0.171
188.473,646.903,-20.556,-0.011,20.56,0.027,1196.917,37.03,0.024
188.773,640.722,-20.599,-0.004,20.602,0.037,1207.987,36.677,0.036
189.273,630.433,-20.558,0.003,20.561,0.082,1225.996,35.362,0.082
189.52,625.356,-20.532,0.003,20.592,0.125,1234.857,36.353,0.125
189.832,618.947,-20.59,-0.006,20.595,0.045,1246.258,36.796,0.044
190.332,608.648,-20.605,-9.512e-4,20.605,0.006,1264.631,36.696,0.006
190.616,602.807,-20.448,0.017,20.551,0.185,1274.834,35.007,0.184
191.116,592.588,-20.426,0.001,20.441,0.178,1291.619,32.135,0.178
191.346,587.895,-20.537,-0.015,20.545,0.046,1299.019,32.456,0.043
191.846,577.613,-20.594,-0.004,20.596,0.057,1315.474,33.366,0.057
192.012,574.207,-20.292,0.056,20.913,0.361,1321.192,35.278,0.357
192.149,571.429,-20.29,6.696e-4,20.663,0.246,1326.095,36.36,0.246
192.244,569.495,-20.361,-0.023,20.44,0.104,1329.57,36.67,0.101
192.486,564.553,-20.514,-0.02,20.529,0.064,1338.495,37.145,0.061
192.986,554.277,-20.589,-0.005,20.591,0.064,1357.323,38.17,0.064
193.36,546.577,-20.547,0.003,20.556,0.072,1371.451,37.299,0.072
193.538,542.923,-20.507,0.007,20.614,0.142,1378.161,38.114,0.142
193.643,540.781,-20.528,-0.006,20.535,0.032,1382.135,38.009,0.031
194.143,530.499,-20.601,-0.005,20.601,0.014,1401.088,37.803,0.013
194.383,525.57,-20.399,0.026,20.584,0.224,1409.97,36.081,0.223
194.517,522.841,-20.466,-0.016,20.479,0.047,1414.776,35.892,0.044
195.017,512.568,-20.625,-0.01,20.625,0.023,1432.64,35.563,0.02
195.517,502.28,-20.53,0.006,20.53,0.026,1450.524,35.973,0.025
196.017,492.005,-20.57,-0.003,20.571,0.041,1468.348,35.322,0.04
196.429,483.536,-20.513,0.004,20.522,0.083,1483.136,36.423,0.083
196.623,479.555,-20.486,0.004,20.573,0.134,1490.129,35.589,0.133
197.076,470.272,-20.527,-0.003,20.535,0.09,1505.941,34.274,0.09
197.576,459.998,-20.568,-0.002,20.568,0.016,1523.016,34.025,0.015
197.708,457.297,-20.314,0.06,21.06,0.37,1527.614,35.579,0.365
197.783,455.781,-20.324,-0.004,20.63,0.196,1530.287,36.05,0.196
198.139,448.53,-20.401,-0.007,20.462,0.175,1543.481,38.057,0.175
198.298,445.314,-20.129,0.053,20.91,0.4,1549.682,40.079,0.396
198.362,444.014,-20.186,-0.028,20.401,0.161,1552.278,40.408,0.158
198.487,441.491,-20.239,-0.013,20.53,0.21,1557.373,41.247,0.209
198.987,431.354,-20.311,-0.004,20.334,0.228,1578.912,44.908,0.228
199.165,427.723,-20.429,-0.021,20.448,0.062,1586.886,44.574,0.058
199.665,417.469,-20.587,-0.01,20.588,0.046,1608.99,43.844,0.045
199.732,416.105,-20.16,0.198,23.314,0.803,1611.87,42.168,0.778
199.772,415.297,-20.018,0.11,22.699,0.643,1613.55,41.348,0.633
199.839,413.956,-19.847,0.079,22.016,0.586,1616.288,40.092,0.58
199.873,413.289,-19.844,0.003,21.156,0.391,1617.629,39.669,0.391
199.901,412.726,-19.871,-0.029,20.586,0.276,1618.751,39.418,0.275
199.931,412.137,-19.916,-0.047,20.232,0.185,1619.914,39.248,0.179
199.997,410.811,-20.023,-0.05,20.181,0.142,1622.512,38.963,0.133
200.193,406.873,-20.301,-0.044,20.353,0.109,1630.06,38.34,0.099
200.391,402.843,-20.445,-0.023,20.445,0.023,1637.644,38.334,8.658e-4
200.54,399.782,-20.445,-1.371e-5,20.549,0.132,1643.432,38.97,0.132
200.859,393.253,-20.496,-0.005,20.514,0.084,1655.998,39.835,0.084
201.007,390.234,-20.469,0.006,20.58,0.136,1661.822,39.19,0.136
201.507,380.028,-20.357,0.007,20.369,0.163,1680.763,36.575,0.163
202.007,369.851,-20.35,4.761e-4,20.365,0.186,1698.301,33.578,0.186
202.206,365.776,-20.443,-0.015,20.466,0.07,1705.054,34.018,0.068
202.456,360.659,-20.505,-0.008,20.505,0.015,1713.543,33.915,0.013
202.916,351.236,-20.515,-7.207e-4,20.517,0.042,1729.268,34.54,0.042
203.189,345.653,-20.33,0.021,20.471,0.213,1738.966,36.407,0.212
203.585,337.597,-20.422,-0.007,20.455,0.148,1753.732,38.285,0.148
204.085,327.361,-20.523,-0.006,20.525,0.073,1773.169,39.461,0.073
204.238,324.225,-20.366,0.032,20.727,0.259,1779.124,38.193,0.257
204.283,323.31,-20.38,-0.01,20.451,0.089,1780.842,38.321,0.089
204.783,313.088,-20.507,-0.008,20.511,0.097,1800.392,39.881,0.097
204.904,310.623,-20.327,0.046,20.948,0.325,1805.133,38.631,0.322
204.988,308.907,-20.133,0.071,21.506,0.47,1808.356,37.363,0.465
205.035,307.974,-20.127,0.004,20.84,0.291,1810.077,36.929,0.291
205.221,304.221,-20.07,0.009,20.547,0.315,1816.796,35.035,0.315
205.721,294.192,-20.046,0.001,20.083,0.304,1833.089,30.139,0.304
205.852,291.568,-20.214,-0.04,20.264,0.094,1837.041,30.494,0.085
206.352,281.36,-20.617,-0.025,20.619,0.076,1852.579,31.656,0.072
206.59,276.495,-20.265,0.046,20.535,0.278,1860.363,33.757,0.274
206.748,273.294,-20.334,-0.014,20.437,0.133,1865.739,34.429,0.132
207.248,263.104,-20.428,-0.006,20.438,0.14,1883.517,36.683,0.14
207.748,252.906,-20.361,0.004,20.371,0.145,1902.441,39.015,0.145
207.97,248.367,-20.425,-0.009,20.455,0.084,1911.058,38.415,0.084
208.382,239.936,-20.5,-0.006,20.501,0.029,1926.809,38.034,0.029
208.882,229.695,-20.463,0.002,20.464,0.041,1945.989,38.686,0.041
209.02,226.894,-20.259,0.046,20.859,0.331,1951.211,37.237,0.328
209.221,222.814,-20.181,0.012,20.503,0.267,1958.55,35.504,0.267
209.289,221.457,-20.242,-0.028,20.254,0.046,1960.936,35.584,0.037
209.481,217.548,-20.368,-0.02,20.395,0.074,1967.83,36.028,0.072
209.765,211.759,-20.465,-0.011,20.465,0.011,1978.049,36.055,0.003
210.118,204.532,-20.443,0.002,20.455,0.078,1990.632,35.17,0.078
210.335,200.098,-20.437,8.82e-4,20.471,0.088,1998.329,35.786,0.088
210.666,193.319,-20.471,-0.003,20.472,0.022,2010.226,36.017,0.022
211.166,183.087,-20.459,7.483e-4,20.46,0.036,2028.09,35.436,0.036
211.366,179.01,-20.319,0.022,20.535,0.219,2035.315,36.839,0.218
211.472,176.851,-20.366,-0.014,20.372,0.032,2039.231,36.939,0.029
211.648,173.261,-20.418,-0.009,20.423,0.033,2045.717,36.758,0.032
211.951,167.094,-20.421,-3.97e-4,20.445,0.091,2056.686,35.876,0.091
212.036,165.357,-20.34,0.03,20.857,0.271,2059.775,36.615,0.269
212.294,160.113,-20.213,0.015,20.407,0.24,2069.501,38.604,0.239
212.794,149.992,-20.274,-0.004,20.293,0.203,2089.62,41.869,0.203
212.892,148.02,-20.185,0.029,20.869,0.321,2093.651,40.868,0.319
212.973,146.38,-20.201,-0.006,20.516,0.202,2096.95,40.34,0.202
213.324,139.285,-20.204,-2.48e-4,20.304,0.225,2110.67,37.8,0.225
213.824,129.134,-20.402,-0.012,20.413,0.155,2128.949,35.317,0.154
214.258,120.276,-20.457,-0.004,20.459,0.037,2144.15,34.8,0.037
214.539,114.541,-20.384,0.008,20.429,0.12,2154.076,35.884,0.12
214.765,109.931,-20.427,-0.006,20.427,0.008,2162.176,35.839,0.006
215.093,103.224,-20.423,4.323e-4,20.432,0.064,2174.056,36.513,0.064
215.284,99.345,-20.271,0.025,20.536,0.239,2181.155,37.971,0.238
215.398,97.021,-20.322,-0.014,20.359,0.074,2185.519,38.238,0.072
215.523,94.489,-20.314,0.002,20.492,0.165,2190.325,38.899,0.165
215.574,93.456,-20.328,-0.008,20.391,0.085,2192.3,38.76,0.085
215.638,92.152,-20.35,-0.011,20.35,0.011,2194.783,38.752,0.004
215.688,91.134,-20.351,-6.268e-4,20.489,0.126,2196.727,38.955,0.126
216.188,80.959,-20.351,2.121e-5,20.359,0.13,2216.729,41.054,0.13
216.431,75.996,-20.39,-0.005,20.415,0.079,2226.656,40.436,0.079
216.524,74.109,-20.351,0.013,20.609,0.189,2230.427,40.999,0.189
216.555,73.47,-20.353,-0.002,20.468,0.112,2231.712,40.886,0.112
216.768,69.133,-20.352,2.148e-4,20.423,0.126,2240.333,40.019,0.126
216.971,65.024,-20.235,0.018,20.477,0.233,2248.284,38.506,0.232
217.056,63.306,-20.287,-0.019,20.287,0.021,2251.549,38.529,0.009
217.423,55.819,-20.444,-0.013,20.446,0.034,2265.781,38.9,0.031
217.923,45.615,-20.371,0.005,20.374,0.075,2285.533,40.106,0.075
218.423,35.471,-20.209,0.01,20.222,0.177,2306.294,42.949,0.177
218.524,33.446,-20.116,0.029,20.836,0.332,2310.555,41.882,0.33
218.657,30.782,-19.937,0.042,20.854,0.408,2316.01,40.143,0.406
219.157,20.909,-19.555,0.024,19.602,0.401,2334.472,33.707,0.4
219.267,18.738,-19.842,-0.081,19.862,0.095,2338.198,33.886,0.05
219.578,12.482,-20.391,-0.055,20.393,0.06,2348.776,34.14,0.025
219.93,5.312,-20.364,0.002,20.383,0.095,2360.976,35.215,0.095
# Event GROUND_HIT occurred at t=220.19 seconds
# Event SIMULATION_END occurred at t=220.19 seconds
220.19,0,-20.395,-0.004,20.401,0.042,2370.202,35.569,0.042
